1787	37	305343.0	5043916.0	297186.0	5042076.0
77	37	307888.0	5042718.0	292360.0	5039777.0
1884	37	317021.0	5042227.0	299197.0	5040363.0
319	32	308857.0	5050431.0	299669.0	5041651.0
1283	19	306797.0	5042916.0	299436.0	5043516.0
2359	35	303862.0	5042945.0	299496.0	5041057.0
1759	24	309186.0	5042990.0	299566.0	5040113.0
2349	27	309827.0	5037218.0	294120.0	5033587.0
1657	21	310582.0	5046820.0	291563.0	5041201.0
2907	22	303421.0	5041779.0	292404.0	5047414.0
2623	31	306599.0	5047433.0	296452.0	5033242.0
1711	27	307045.0	5039315.0	301007.0	5044427.0
1186	31	304124.0	5044190.0	299084.0	5040550.0
472	28	309998.0	5050401.0	302536.0	5049236.0
1660	32	303933.0	5041391.0	299507.0	5040683.0
86	31	307064.0	5035502.0	293953.0	5045690.0
1331	19	312941.0	5038765.0	299582.0	5046391.0
704	20	303624.0	5041647.0	300397.0	5039545.0
2532	36	305261.0	5040426.0	299949.0	5043064.0
1885	32	307058.0	5042942.0	295453.0	5034047.0
2825	34	311641.0	5039903.0	296537.0	5041423.0
1483	37	303854.0	5042929.0	295717.0	5044108.0
361	25	305604.0	5046693.0	289209.0	5041759.0
1789	27	302993.0	5042769.0	300128.0	5041613.0
434	22	312979.0	5038158.0	285202.0	5035638.0
997	33	308283.0	5036098.0	297165.0	5043562.0
1785	26	310446.0	5036809.0	296591.0	5052980.0
2413	36	308422.0	5050684.0	298711.0	5039622.0
1641	34	309492.0	5051147.0	299451.0	5042185.0
2147	17	304144.0	5041577.0	299795.0	5041449.0
323	32	311324.0	5047763.0	271661.0	5030556.0
1622	28	305938.0	5034299.0	298032.0	5038891.0
1271	32	307452.0	5035148.0	297985.0	5051579.0
1391	30	306276.0	5045194.0	296094.0	5034209.0
908	22	309432.0	5037282.0	293377.0	5030904.0
1365	26	311710.0	5039392.0	299501.0	5040472.0
689	32	305984.0	5042868.0	288293.0	5044200.0
313	25	304389.0	5038001.0	291292.0	5041335.0
2091	34	308229.0	5034906.0	299536.0	5040052.0
2594	23	304264.0	5045038.0	297115.0	5051307.0
468	26	312366.0	5037579.0	298442.0	5033363.0
2174	30	305867.0	5042163.0	290989.0	5041563.0
2089	41	305701.0	5033964.0	298730.0	5040608.0
795	21	311986.0	5040181.0	301778.0	5045526.0
1432	29	305306.0	5043630.0	300747.0	5042951.0
1439	40	302949.0	5043040.0	299864.0	5057773.0
2644	40	303927.0	5043962.0	300901.0	5048864.0
605	41	315453.0	5041764.0	294355.0	5031531.0
968	27	302998.0	5042719.0	292648.0	5040317.0
422	25	310342.0	5039148.0	299809.0	5040120.0
600	27	305986.0	5036560.0	298486.0	5042677.0
1049	16	306167.0	5045945.0	298843.0	5040590.0
809	27	306715.0	5039296.0	300615.0	5043816.0
711	53	315501.0	5044301.0	300246.0	5041696.0
2468	22	308487.0	5039843.0	299935.0	5043035.0
627	19	312501.0	5040846.0	299896.0	5041654.0
2685	35	307823.0	5033353.0	299196.0	5039809.0
309	24	309572.0	5052327.0	303991.0	5048897.0
726	25	306441.0	5038035.0	299041.0	5040267.0
2573	37	313971.0	5036031.0	300812.0	5046470.0
2024	24	304932.0	5039657.0	300471.0	5039917.0
1901	37	308689.0	5043743.0	300406.0	5052907.0
2310	27	307876.0	5050229.0	300286.0	5048049.0
2374	25	307708.0	5034024.0	299755.0	5040820.0
1839	24	302958.0	5042866.0	291747.0	5043287.0
2790	29	309238.0	5048860.0	299071.0	5040595.0
2313	42	306144.0	5034006.0	298431.0	5040863.0
2634	40	308056.0	5035014.0	295467.0	5040322.0
2603	32	306696.0	5035071.0	300441.0	5041676.0
2559	20	312386.0	5039217.0	299452.0	5040157.0
1324	30	308327.0	5049407.0	299710.0	5051618.0
2570	22	305013.0	5037828.0	300418.0	5042932.0
1295	28	306192.0	5040998.0	299679.0	5043234.0
619	25	307311.0	5044046.0	298337.0	5050673.0
1802	25	306132.0	5037855.0	294692.0	5036471.0
280	59	302953.0	5042729.0	298228.0	5043159.0
1921	33	310160.0	5041862.0	299457.0	5040120.0
1812	17	306219.0	5041577.0	300253.0	5042214.0
2587	41	307810.0	5033268.0	298718.0	5039750.0
1241	26	306644.0	5038069.0	294987.0	5039985.0
1126	29	309785.0	5034860.0	301718.0	5047712.0
2423	24	307580.0	5042860.0	293017.0	5033355.0
231	45	304712.0	5039565.0	299504.0	5040880.0
1442	14	304963.0	5040137.0	299802.0	5042586.0
2079	36	308284.0	5043280.0	299437.0	5040307.0
304	28	303497.0	5043116.0	298668.0	5047394.0
1272	38	312630.0	5037531.0	299123.0	5040332.0
1892	39	312429.0	5038151.0	297237.0	5043328.0
1852	22	307262.0	5034679.0	295316.0	5051759.0
155	37	306263.0	5037013.0	293434.0	5037012.0
234	25	308657.0	5048900.0	298058.0	5038503.0
1511	26	307076.0	5041751.0	299637.0	5041394.0
1176	28	308650.0	5042678.0	300953.0	5047771.0
315	30	304445.0	5037958.0	292404.0	5039613.0
2641	28	303980.0	5043988.0	297991.0	5046244.0
370	20	307039.0	5036694.0	299057.0	5034993.0
2520	29	316317.0	5043027.0	295647.0	5036828.0
2434	17	308279.0	5035044.0	285405.0	5035435.0
2077	31	308865.0	5040967.0	300478.0	5043193.0
1575	15	305014.0	5039864.0	299532.0	5040959.0
1896	38	304188.0	5044474.0	300526.0	5039740.0
2378	41	307479.0	5034195.0	297565.0	5034494.0
2271	26	306763.0	5048203.0	299402.0	5041638.0
169	27	306807.0	5044434.0	300250.0	5041085.0
1843	18	309369.0	5052355.0	301882.0	5051685.0
2342	23	308105.0	5040129.0	299306.0	5040355.0
2670	24	306311.0	5041502.0	298546.0	5042978.0
772	28	308975.0	5042556.0	300060.0	5040214.0
1317	24	309600.0	5041979.0	299143.0	5040336.0
2479	22	305141.0	5043894.0	301095.0	5047831.0
1949	35	308706.0	5041606.0	300202.0	5040042.0
2054	18	311959.0	5048236.0	299716.0	5046274.0
618	30	307116.0	5043851.0	296636.0	5053110.0
254	30	310183.0	5049062.0	293741.0	5045581.0
1846	27	306860.0	5036685.0	301366.0	5035997.0
424	30	305690.0	5043371.0	299505.0	5039519.0
1407	25	305172.0	5042803.0	301886.0	5058215.0
346	23	307501.0	5040227.0	299591.0	5034976.0
2067	29	314335.0	5040742.0	304289.0	5059691.0
2647	40	302994.0	5042674.0	294970.0	5036336.0
707	18	308977.0	5037179.0	299029.0	5039533.0
161	33	305041.0	5042026.0	299320.0	5040304.0
1015	28	305327.0	5044562.0	300276.0	5040607.0
1794	30	312037.0	5048213.0	296316.0	5054584.0
1800	34	310809.0	5048026.0	291015.0	5040588.0
2971	25	308031.0	5046068.0	299739.0	5040380.0
2142	32	309033.0	5045584.0	296412.0	5055199.0
2498	31	306280.0	5039357.0	299204.0	5039968.0
651	27	310437.0	5048414.0	299217.0	5039873.0
1491	31	310045.0	5039884.0	301026.0	5042346.0
1528	30	302879.0	5042958.0	300062.0	5041586.0
1159	33	306662.0	5037243.0	295707.0	5036899.0
1587	29	306066.0	5037346.0	298833.0	5041115.0
1675	27	309841.0	5049187.0	299040.0	5039886.0
1386	36	319204.0	5042640.0	295581.0	5040106.0
2781	58	306275.0	5037189.0	298509.0	5039641.0
2449	29	308789.0	5044850.0	299959.0	5040253.0
215	22	308697.0	5044571.0	299597.0	5039901.0
2585	27	308654.0	5047905.0	294748.0	5045891.0
2652	27	313846.0	5036483.0	299460.0	5039685.0
1371	32	305369.0	5042529.0	293755.0	5045578.0
270	24	309313.0	5043017.0	294215.0	5038529.0
1351	24	306374.0	5046660.0	298673.0	5037526.0
388	23	320746.0	5044711.0	300556.0	5039657.0
2286	23	309727.0	5039962.0	299237.0	5040397.0
2779	33	312762.0	5040117.0	296057.0	5040718.0
1584	32	308651.0	5048635.0	296600.0	5044163.0
1164	39	308538.0	5050619.0	299337.0	5040680.0
1033	37	303171.0	5042483.0	294152.0	5038306.0
2690	40	306723.0	5046837.0	299613.0	5039980.0
2469	21	309609.0	5037715.0	299916.0	5040033.0
616	32	308496.0	5049616.0	299331.0	5041943.0
1366	33	306437.0	5038741.0	300728.0	5039498.0
334	29	307933.0	5039861.0	298550.0	5040080.0
2387	38	316213.0	5041825.0	299652.0	5040799.0
2719	28	309708.0	5033682.0	293571.0	5031085.0
580	30	308621.0	5034728.0	299739.0	5041494.0
1433	27	305117.0	5043653.0	299283.0	5040402.0
2968	39	306104.0	5040901.0	298448.0	5043007.0
2688	20	308593.0	5041482.0	300242.0	5040771.0
2713	37	305633.0	5032837.0	299463.0	5040153.0
1606	34	306817.0	5033921.0	295246.0	5039975.0
529	32	305770.0	5042381.0	298183.0	5039352.0
2438	52	307187.0	5038191.0	298797.0	5039796.0
348	25	308678.0	5036548.0	300162.0	5040109.0
1269	26	308006.0	5039827.0	298561.0	5045656.0
2290	17	303878.0	5043404.0	299633.0	5042056.0
1543	29	311482.0	5041037.0	289237.0	5041513.0
2636	43	307998.0	5035049.0	299515.0	5040901.0
1346	26	312755.0	5040426.0	300043.0	5040427.0
524	33	313790.0	5036226.0	299653.0	5040831.0
2745	25	310216.0	5039858.0	299645.0	5040338.0
2808	29	305972.0	5037582.0	300516.0	5039721.0
2157	30	309945.0	5051853.0	295582.0	5039395.0
383	24	310861.0	5038819.0	298040.0	5038865.0
2881	31	303204.0	5042889.0	289581.0	5042423.0
2747	33	305914.0	5036756.0	299853.0	5040721.0
1735	38	315757.0	5043867.0	299940.0	5050937.0
2083	29	303798.0	5044206.0	303459.0	5051936.0
2979	24	305830.0	5047175.0	301416.0	5048891.0
75	29	308028.0	5042736.0	297262.0	5048451.0
1486	32	317724.0	5042266.0	299743.0	5040026.0
1266	30	312446.0	5040148.0	297988.0	5042829.0
739	25	304063.0	5040670.0	299284.0	5040064.0
878	20	306045.0	5038752.0	298295.0	5039057.0
1400	24	307437.0	5043072.0	291766.0	5043859.0
1992	23	310584.0	5050682.0	295659.0	5039658.0
787	28	306012.0	5037578.0	300116.0	5041626.0
928	30	310203.0	5051839.0	299398.0	5040132.0
564	25	307531.0	5043790.0	300172.0	5040048.0
635	35	308001.0	5043033.0	303955.0	5052163.0
317	41	310206.0	5049010.0	302442.0	5048991.0
1212	33	306024.0	5034224.0	299886.0	5041603.0
415	33	307777.0	5043248.0	293085.0	5045109.0
2080	20	316232.0	5042380.0	297730.0	5041817.0
2211	16	304212.0	5042740.0	288749.0	5035418.0
2827	28	310978.0	5042423.0	293037.0	5032278.0
2911	31	310731.0	5048746.0	299895.0	5040324.0
2712	46	305299.0	5036709.0	299388.0	5040118.0
1380	24	307727.0	5048421.0	297617.0	5038523.0
2982	40	317402.0	5044507.0	296870.0	5054686.0
537	29	308920.0	5042830.0	295149.0	5045421.0
2447	33	306741.0	5037160.0	300103.0	5045559.0
1544	40	311516.0	5040864.0	293230.0	5045481.0
632	25	309721.0	5039744.0	299225.0	5040127.0
665	42	307961.0	5037782.0	299991.0	5039536.0
741	20	303385.0	5043425.0	300075.0	5039671.0
2931	33	304813.0	5041737.0	297364.0	5042782.0
679	27	312185.0	5040691.0	301581.0	5047276.0
1793	39	308920.0	5041048.0	299908.0	5040761.0
179	24	306496.0	5037633.0	299356.0	5044505.0
1683	25	306955.0	5043781.0	294813.0	5034340.0
1493	22	307495.0	5036750.0	302700.0	5040739.0
2771	38	302987.0	5042884.0	299652.0	5041434.0
973	22	308090.0	5039212.0	285386.0	5035438.0
1820	29	311482.0	5036461.0	295740.0	5040534.0
2501	40	304585.0	5045538.0	301554.0	5044665.0
1168	29	308918.0	5050611.0	292496.0	5044179.0
2936	23	306621.0	5038787.0	298391.0	5046338.0
959	25	309805.0	5040113.0	298312.0	5042273.0
2188	18	305329.0	5036156.0	302646.0	5051269.0
980	15	305353.0	5038946.0	302569.0	5049304.0
1268	21	306529.0	5042113.0	295599.0	5040045.0
1922	34	316387.0	5042037.0	293339.0	5033505.0
2957	30	307536.0	5038954.0	299534.0	5040731.0
1507	29	302993.0	5042676.0	297075.0	5045898.0
2337	31	306917.0	5038634.0	299453.0	5040099.0
1805	30	316008.0	5035845.0	291981.0	5037250.0
2913	18	305336.0	5038037.0	299779.0	5041722.0
1155	46	306024.0	5041310.0	300452.0	5041886.0
1565	22	308159.0	5036790.0	300513.0	5040921.0
2060	45	309934.0	5035146.0	301589.0	5036477.0
2161	45	308800.0	5037031.0	299660.0	5041840.0
1715	36	305622.0	5036831.0	289549.0	5038739.0
664	32	307281.0	5036624.0	292383.0	5047996.0
818	30	306406.0	5034742.0	294130.0	5040309.0
2477	40	315080.0	5037727.0	299781.0	5040134.0
567	21	307626.0	5034951.0	294221.0	5034440.0
1025	23	305127.0	5045433.0	298504.0	5039817.0
214	17	308662.0	5044594.0	299286.0	5045923.0
2627	27	310233.0	5036998.0	299863.0	5042920.0
1969	23	306618.0	5046816.0	299545.0	5051175.0
1521	21	306732.0	5044753.0	295684.0	5040307.0
2272	27	309450.0	5044295.0	296068.0	5044526.0
421	38	312473.0	5038038.0	304806.0	5057681.0
2114	29	309442.0	5033464.0	304280.0	5057123.0
511	29	317440.0	5043245.0	299856.0	5038363.0
2783	26	304570.0	5045744.0	292507.0	5032687.0
344	33	308299.0	5051671.0	299316.0	5045555.0
657	25	307667.0	5039978.0	296062.0	5043160.0
1118	18	306431.0	5033013.0	300575.0	5041222.0
1841	24	309315.0	5033670.0	298520.0	5039822.0
2103	31	308021.0	5039307.0	296395.0	5037287.0
604	25	308706.0	5043620.0	300689.0	5041844.0
1792	45	308955.0	5041040.0	299729.0	5041730.0
376	29	305375.0	5034253.0	295580.0	5054594.0
910	35	304943.0	5039540.0	290971.0	5041356.0
1848	35	307723.0	5033603.0	290606.0	5043760.0
2956	32	307935.0	5035959.0	300618.0	5046144.0
110	28	307982.0	5039895.0	286920.0	5035569.0
1700	27	306401.0	5045319.0	299665.0	5040092.0
219	28	307936.0	5033523.0	299566.0	5040012.0
1624	20	308100.0	5036323.0	301626.0	5049701.0
2057	25	306260.0	5046883.0	300769.0	5039553.0
1532	28	308496.0	5052219.0	302682.0	5040582.0
966	40	314160.0	5036648.0	300103.0	5041639.0
1582	48	303326.0	5040674.0	298873.0	5039105.0
335	26	307922.0	5039924.0	298735.0	5039893.0
1536	29	304897.0	5043666.0	298262.0	5042705.0
920	20	310433.0	5049300.0	301354.0	5049061.0
116	22	306816.0	5040217.0	297473.0	5045133.0
1306	38	310820.0	5040568.0	299682.0	5040389.0
406	30	309440.0	5049854.0	298715.0	5046094.0
2663	31	310291.0	5037231.0	300780.0	5041035.0
1374	33	303131.0	5043023.0	286507.0	5039079.0
599	33	305643.0	5047163.0	299855.0	5040734.0
2811	33	303545.0	5040384.0	299709.0	5040207.0
157	33	308633.0	5043874.0	281756.0	5038079.0
2908	22	303195.0	5042044.0	292581.0	5047399.0
1936	23	308591.0	5040953.0	297762.0	5049235.0
569	29	303947.0	5043422.0	299887.0	5041549.0
2777	26	309146.0	5051078.0	296904.0	5047856.0
1838	27	310504.0	5038665.0	296696.0	5043521.0
2521	29	305537.0	5034552.0	293177.0	5034032.0
22	32	308133.0	5045686.0	299228.0	5045794.0
325	24	305845.0	5047451.0	299765.0	5040737.0
78	45	308652.0	5037198.0	302894.0	5040811.0
2949	24	311080.0	5039121.0	297761.0	5039869.0
884	40	308248.0	5038274.0	298994.0	5039579.0
613	16	303875.0	5039396.0	295687.0	5039760.0
2248	40	311213.0	5050433.0	298222.0	5038802.0
2494	33	306694.0	5035645.0	298506.0	5039894.0
2162	21	308500.0	5039152.0	300694.0	5047925.0
1734	29	309216.0	5041826.0	298058.0	5052689.0
456	26	308033.0	5042066.0	304102.0	5057089.0
1181	34	304394.0	5039698.0	295379.0	5041449.0
974	17	311883.0	5043773.0	301780.0	5048439.0
1234	23	303675.0	5043296.0	299975.0	5049277.0
500	37	316376.0	5043987.0	298372.0	5040529.0
196	35	305701.0	5036736.0	295484.0	5039822.0
977	23	308634.0	5054739.0	285180.0	5035419.0
1720	32	305161.0	5044410.0	286281.0	5036961.0
2618	22	304528.0	5044273.0	299847.0	5040911.0
2552	26	304148.0	5040389.0	300702.0	5042102.0
1873	32	305344.0	5039642.0	293794.0	5045980.0
258	30	308129.0	5052530.0	295669.0	5044763.0
455	23	309220.0	5038385.0	299674.0	5041433.0
2048	35	307516.0	5036914.0	302145.0	5036533.0
2445	29	305647.0	5040968.0	294963.0	5033069.0
2196	45	305355.0	5037252.0	299899.0	5040181.0
68	34	308313.0	5045477.0	300761.0	5046418.0
2589	32	318338.0	5041562.0	299246.0	5040216.0
2111	26	317946.0	5042779.0	300430.0	5040825.0
2356	36	305796.0	5032784.0	292961.0	5045403.0
991	23	305723.0	5041833.0	288936.0	5035387.0
589	25	304463.0	5044827.0	299273.0	5041856.0
1194	22	304310.0	5044757.0	298165.0	5042176.0
2994	25	313164.0	5042453.0	297645.0	5042800.0
7	24	303189.0	5042720.0	301284.0	5051487.0
2519	20	304016.0	5040483.0	299263.0	5039535.0
1446	26	303583.0	5043189.0	299210.0	5040257.0
986	20	305433.0	5041932.0	299309.0	5040517.0
2338	26	309266.0	5051239.0	295302.0	5039265.0
1707	22	308073.0	5037825.0	298903.0	5039444.0
768	33	306685.0	5045172.0	299909.0	5042911.0
351	27	305702.0	5033127.0	300003.0	5035923.0
2145	24	309492.0	5050806.0	298069.0	5038567.0
1478	26	305633.0	5043690.0	295268.0	5040474.0
278	22	310254.0	5037364.0	299871.0	5039045.0
2155	51	318322.0	5042505.0	298581.0	5040183.0
2229	30	310631.0	5040414.0	296335.0	5047174.0
2916	36	308746.0	5055076.0	295306.0	5043438.0
2806	34	305152.0	5042480.0	297075.0	5048418.0
2270	23	306777.0	5048184.0	299656.0	5041620.0
84	35	306382.0	5041330.0	297682.0	5043525.0
1600	44	307677.0	5033615.0	299034.0	5039869.0
1926	24	304257.0	5040554.0	296207.0	5038051.0
2935	27	315032.0	5044609.0	298451.0	5046235.0
2604	28	306754.0	5034896.0	299325.0	5037527.0
1585	34	307656.0	5045773.0	296217.0	5044418.0
1530	46	312773.0	5039763.0	288489.0	5037289.0
1039	28	303303.0	5043391.0	299940.0	5040051.0
67	29	309568.0	5050429.0	300975.0	5045903.0
1463	27	311103.0	5038729.0	298691.0	5041134.0
277	22	306618.0	5042274.0	300986.0	5046474.0
1413	25	312728.0	5037706.0	300757.0	5042912.0
988	30	306368.0	5043228.0	297149.0	5046326.0
2574	31	313974.0	5036270.0	286845.0	5037472.0
425	18	304662.0	5038649.0	296099.0	5043098.0
2384	47	310096.0	5049271.0	300054.0	5041267.0
1362	28	305717.0	5039812.0	289410.0	5038544.0
547	30	305509.0	5041444.0	289936.0	5038800.0
182	20	305568.0	5038571.0	299144.0	5040280.0
1444	21	308369.0	5052872.0	294106.0	5045309.0
2237	47	311684.0	5038726.0	299722.0	5040238.0
1387	36	310880.0	5050199.0	299284.0	5040291.0
2633	26	318019.0	5042684.0	294904.0	5045021.0
718	31	308957.0	5053758.0	300012.0	5041076.0
1904	31	305808.0	5041381.0	300819.0	5042273.0
1961	27	307909.0	5043526.0	294089.0	5049968.0
2588	46	307820.0	5036771.0	294483.0	5044275.0
747	32	311896.0	5043774.0	298290.0	5048253.0
553	36	313855.0	5036131.0	300100.0	5041623.0
259	31	308320.0	5052710.0	295912.0	5044807.0
1875	31	305882.0	5044618.0	299285.0	5040397.0
152	30	306347.0	5035036.0	298390.0	5037925.0
1202	30	312838.0	5038169.0	300739.0	5039515.0
826	30	312347.0	5037300.0	296670.0	5043196.0
180	16	306426.0	5037383.0	299527.0	5044533.0
2765	37	310075.0	5036969.0	299295.0	5039218.0
172	22	307115.0	5038688.0	298242.0	5038947.0
1293	34	305482.0	5034824.0	301066.0	5038493.0
2842	28	308540.0	5044741.0	295469.0	5040311.0
2112	23	307797.0	5048114.0	301557.0	5049998.0
1632	21	306138.0	5046157.0	298870.0	5039894.0
2225	32	317438.0	5042572.0	298134.0	5038701.0
1940	41	309810.0	5048048.0	294657.0	5045336.0
1038	39	310144.0	5050559.0	299535.0	5049668.0
150	19	306453.0	5042507.0	292881.0	5044814.0
783	37	306046.0	5043856.0	298273.0	5038166.0
1172	30	309649.0	5047046.0	302321.0	5051405.0
2657	42	305608.0	5034564.0	299415.0	5041619.0
2701	27	303574.0	5043848.0	295390.0	5037188.0
1360	21	306296.0	5038304.0	279071.0	5033230.0
1120	20	309475.0	5036879.0	299144.0	5045562.0
510	47	309583.0	5042736.0	298774.0	5040153.0
1508	29	306270.0	5036832.0	296794.0	5045974.0
1790	23	305349.0	5042049.0	295236.0	5047784.0
1639	29	304276.0	5039144.0	292552.0	5043316.0
2926	30	312857.0	5040782.0	300605.0	5045407.0
2854	43	308428.0	5036055.0	298819.0	5039580.0
1389	33	306224.0	5045399.0	296985.0	5032863.0
766	31	306434.0	5045342.0	299326.0	5040089.0
2033	38	306589.0	5048670.0	291998.0	5040315.0
2038	21	308711.0	5039328.0	300410.0	5040418.0
1505	36	306299.0	5036651.0	297004.0	5046090.0
2127	32	306501.0	5033408.0	298178.0	5055688.0
1093	27	306599.0	5041024.0	299701.0	5050029.0
339	39	304085.0	5042134.0	302745.0	5046454.0
1739	24	316444.0	5045084.0	299274.0	5040289.0
324	28	305638.0	5047381.0	299890.0	5039177.0
1764	29	312523.0	5038066.0	296620.0	5035952.0
2946	24	306950.0	5041287.0	300640.0	5040907.0
740	18	303523.0	5040477.0	299486.0	5040060.0
2235	26	305338.0	5035024.0	285217.0	5035604.0
1204	28	307322.0	5036635.0	297582.0	5050796.0
1316	27	309428.0	5042248.0	296664.0	5045242.0
2756	40	309087.0	5043185.0	295331.0	5040350.0
328	38	318357.0	5043018.0	299883.0	5041730.0
1344	47	303296.0	5043625.0	300604.0	5045500.0
1211	22	306195.0	5034182.0	300147.0	5041554.0
1256	37	304411.0	5043257.0	295784.0	5046449.0
1827	27	314816.0	5036644.0	294439.0	5039055.0
2850	32	316433.0	5044813.0	301187.0	5043080.0
1746	32	305771.0	5041305.0	292538.0	5047328.0
683	31	307857.0	5047028.0	288484.0	5037442.0
1819	21	312902.0	5039570.0	299208.0	5040033.0
1440	49	305184.0	5039577.0	296819.0	5039674.0
1832	35	308577.0	5036606.0	299330.0	5040089.0
174	17	307479.0	5041564.0	297668.0	5034799.0
1445	25	308072.0	5045914.0	300144.0	5040460.0
2681	33	307075.0	5041734.0	305454.0	5060495.0
1782	33	310145.0	5041617.0	305509.0	5061391.0
1125	35	305499.0	5040963.0	301906.0	5045604.0
235	34	309410.0	5054162.0	293629.0	5044548.0
308	27	303328.0	5041904.0	296338.0	5050745.0
1664	44	308352.0	5049380.0	300113.0	5041433.0
1489	21	308108.0	5047361.0	297580.0	5046413.0
2102	28	307715.0	5046985.0	288009.0	5043911.0
656	24	305205.0	5043927.0	305165.0	5058532.0
128	30	304711.0	5043262.0	298848.0	5035969.0
585	29	305494.0	5041742.0	300429.0	5041721.0
2489	44	305768.0	5040338.0	299880.0	5042975.0
1795	23	307379.0	5048346.0	276932.0	5034283.0
143	29	310001.0	5039353.0	294561.0	5035547.0
518	29	306126.0	5036493.0	292944.0	5039354.0
276	27	314536.0	5040109.0	300062.0	5045666.0
967	45	313933.0	5036473.0	302856.0	5040576.0
1501	19	307266.0	5048723.0	299894.0	5049810.0
1484	42	304981.0	5045584.0	299293.0	5040216.0
1569	34	309544.0	5039905.0	292406.0	5045698.0
2324	32	316321.0	5041751.0	298020.0	5039433.0
133	34	306669.0	5043756.0	299485.0	5039995.0
2891	37	305700.0	5037232.0	300512.0	5040658.0
629	30	309531.0	5051182.0	286476.0	5039061.0
2896	45	308565.0	5052436.0	295140.0	5040574.0
1520	35	307523.0	5038771.0	294939.0	5045190.0
1524	27	308390.0	5044321.0	298647.0	5041548.0
2584	28	307216.0	5043958.0	298808.0	5050807.0
2991	21	305278.0	5035352.0	291427.0	5046192.0
2351	21	304729.0	5037338.0	299423.0	5039753.0
2724	45	306084.0	5034453.0	298895.0	5057003.0
2169	31	304396.0	5044356.0	302821.0	5040596.0
1504	25	310734.0	5048763.0	295584.0	5044069.0
1631	38	306112.0	5042914.0	300710.0	5042604.0
1288	17	303698.0	5042854.0	299787.0	5040026.0
1142	29	305679.0	5042344.0	299235.0	5039503.0
1023	27	310030.0	5040708.0	299892.0	5043176.0
465	29	306686.0	5038083.0	300808.0	5046193.0
107	23	305683.0	5039916.0	299982.0	5051667.0
763	21	305044.0	5044280.0	290432.0	5039989.0
2045	26	304541.0	5039830.0	299653.0	5040319.0
2121	23	316190.0	5044893.0	300431.0	5045644.0
1586	40	310459.0	5048793.0	299664.0	5041118.0
2301	25	305853.0	5040940.0	295716.0	5039426.0
483	31	307384.0	5035112.0	295936.0	5034222.0
1073	31	309956.0	5038189.0	298814.0	5041621.0
1067	24	308254.0	5047985.0	289546.0	5034180.0
1828	26	308199.0	5045575.0	290843.0	5040643.0
879	35	304467.0	5044115.0	295875.0	5042951.0
2507	45	303458.0	5041264.0	299016.0	5039875.0
1170	26	304507.0	5044997.0	299079.0	5040367.0
2012	22	320757.0	5044574.0	299181.0	5039913.0
820	24	311655.0	5047689.0	299341.0	5040399.0
503	34	304688.0	5043382.0	295545.0	5039893.0
556	38	307313.0	5042153.0	299223.0	5040584.0
2915	29	308751.0	5055121.0	299109.0	5040346.0
2912	24	308867.0	5054116.0	296621.0	5052948.0
708	34	306903.0	5041521.0	299099.0	5041518.0
1824	30	307065.0	5040479.0	300533.0	5045843.0
360	34	306616.0	5033632.0	296027.0	5041021.0
1310	37	309021.0	5048145.0	301271.0	5048815.0
1424	35	305594.0	5034174.0	298423.0	5046449.0
266	41	309536.0	5036987.0	300160.0	5041598.0
2253	35	304194.0	5043066.0	298152.0	5054293.0
2221	37	311069.0	5047110.0	303747.0	5050502.0
1190	14	305583.0	5038887.0	300495.0	5043360.0
1229	16	307115.0	5037062.0	293253.0	5042725.0
646	37	305648.0	5035420.0	298900.0	5040164.0
714	20	309122.0	5037229.0	299750.0	5040315.0
1481	31	310961.0	5048684.0	292551.0	5042986.0
2084	28	304023.0	5044244.0	299849.0	5048486.0
919	27	309354.0	5035234.0	299485.0	5039939.0
498	27	304311.0	5041949.0	299710.0	5041122.0
824	29	309053.0	5038015.0	299521.0	5043854.0
2720	22	303383.0	5044070.0	299059.0	5040582.0
970	40	310553.0	5039396.0	299188.0	5040308.0
2940	23	312830.0	5039796.0	285373.0	5035571.0
108	30	306015.0	5044158.0	297942.0	5049328.0
1479	29	305612.0	5040029.0	292880.0	5042832.0
2667	25	306641.0	5046797.0	290646.0	5040746.0
2345	38	307515.0	5039717.0	298527.0	5041085.0
1512	40	307104.0	5041975.0	294850.0	5038279.0
1915	22	307042.0	5040051.0	302954.0	5054045.0
2260	39	307740.0	5033385.0	287147.0	5034045.0
532	27	310957.0	5041976.0	300986.0	5050414.0
354	19	310850.0	5040553.0	297539.0	5032694.0
2859	22	307085.0	5035006.0	299117.0	5036026.0
1267	32	304672.0	5043848.0	300086.0	5041847.0
2546	26	309529.0	5043480.0	295236.0	5040503.0
2906	26	309517.0	5038083.0	304597.0	5054789.0
2154	30	305752.0	5044043.0	294819.0	5044741.0
2789	30	311684.0	5040038.0	299338.0	5040164.0
1678	31	314196.0	5040699.0	301184.0	5045352.0
2355	19	304870.0	5038893.0	298821.0	5040820.0
303	23	306331.0	5038225.0	297693.0	5032343.0
514	34	307027.0	5048674.0	299176.0	5051228.0
1299	48	307846.0	5037821.0	298252.0	5038768.0
2524	29	306430.0	5044089.0	299434.0	5039821.0
1844	60	306452.0	5036173.0	301690.0	5049807.0
1909	33	306365.0	5041293.0	298938.0	5049010.0
2120	23	308105.0	5041080.0	299611.0	5040062.0
1412	40	305876.0	5046831.0	295306.0	5040573.0
526	19	309167.0	5038907.0	294648.0	5045444.0
2259	13	305004.0	5041160.0	299053.0	5039217.0
2408	23	306150.0	5033439.0	300254.0	5040772.0
746	20	309611.0	5039409.0	279402.0	5036132.0
2838	25	309693.0	5038537.0	298580.0	5039596.0
1773	35	305372.0	5038688.0	299877.0	5040457.0
2769	36	310132.0	5040104.0	300157.0	5041629.0
227	24	303279.0	5041685.0	294929.0	5052846.0
509	34	311651.0	5036803.0	299068.0	5040762.0
2123	30	309909.0	5048405.0	299210.0	5040188.0
2945	24	302691.0	5043254.0	296933.0	5054766.0
1246	40	307490.0	5034780.0	299350.0	5040331.0
675	42	307033.0	5037503.0	295000.0	5030693.0
2766	30	310043.0	5036818.0	300770.0	5042170.0
1322	33	303402.0	5043774.0	300524.0	5041400.0
924	35	307645.0	5034939.0	303457.0	5050025.0
1418	56	307604.0	5036451.0	298901.0	5039971.0
2126	44	306301.0	5033359.0	290398.0	5040491.0
2853	45	308426.0	5036055.0	292412.0	5040053.0
2600	24	308090.0	5037030.0	300684.0	5045960.0
1027	20	302871.0	5042876.0	292150.0	5047488.0
805	38	305456.0	5042632.0	277166.0	5036631.0
2257	24	306116.0	5037688.0	293029.0	5043494.0
2577	29	305972.0	5043949.0	299456.0	5040342.0
513	47	303745.0	5042127.0	289890.0	5033083.0
2921	19	305671.0	5040276.0	300087.0	5041613.0
2186	22	310067.0	5049969.0	301136.0	5047765.0
2826	21	305653.0	5032809.0	303572.0	5048501.0
2059	44	309753.0	5034016.0	301468.0	5036275.0
691	27	317119.0	5043752.0	299670.0	5041093.0
2425	47	306386.0	5042419.0	299251.0	5041082.0
2379	31	304749.0	5040251.0	300668.0	5041571.0
2796	22	306589.0	5035154.0	297414.0	5043168.0
702	19	307017.0	5041479.0	299420.0	5041171.0
1383	29	309434.0	5039632.0	290786.0	5032948.0
2309	28	306457.0	5038371.0	297985.0	5039916.0
2897	42	308829.0	5052484.0	295094.0	5040391.0
117	30	311895.0	5043596.0	297719.0	5055187.0
333	27	307893.0	5039722.0	298730.0	5039859.0
187	34	308933.0	5047970.0	296484.0	5045485.0
2363	39	308126.0	5039082.0	298295.0	5038984.0
1085	21	305412.0	5038448.0	296662.0	5037259.0
864	23	307248.0	5042027.0	293858.0	5044784.0
2344	21	307267.0	5043218.0	297957.0	5046192.0
2677	24	310191.0	5040586.0	299595.0	5040366.0
125	33	312818.0	5038198.0	293879.0	5045176.0
2040	27	305600.0	5037022.0	295592.0	5040013.0
2596	22	312380.0	5035833.0	299499.0	5042502.0
1187	32	304153.0	5043901.0	299907.0	5040965.0
1238	28	307521.0	5040078.0	294272.0	5048567.0
1979	18	304157.0	5039859.0	297861.0	5035755.0
1004	31	304705.0	5044726.0	299438.0	5039728.0
2653	30	313672.0	5036291.0	299438.0	5039954.0
1219	56	312584.0	5039954.0	301638.0	5050389.0
1858	28	315896.0	5042477.0	300530.0	5040703.0
299	27	307539.0	5036001.0	299319.0	5041323.0
246	35	307239.0	5037728.0	299907.0	5040819.0
648	29	305827.0	5035413.0	298679.0	5040098.0
1801	43	304056.0	5044853.0	300190.0	5041942.0
1703	29	306324.0	5038152.0	298096.0	5038563.0
1984	29	306965.0	5041931.0	300003.0	5040880.0
1903	32	307669.0	5034090.0	300057.0	5037270.0
836	26	312454.0	5038424.0	292881.0	5048751.0
1394	34	310389.0	5036947.0	298925.0	5040308.0
2944	35	307793.0	5041691.0	296804.0	5044704.0
1281	27	306871.0	5036847.0	296990.0	5037224.0
1308	18	307623.0	5033916.0	298908.0	5039733.0
1415	30	304458.0	5045092.0	300706.0	5040684.0
1634	22	306356.0	5045971.0	298653.0	5044078.0
536	29	308987.0	5042788.0	303158.0	5039293.0
1518	26	310058.0	5051201.0	297208.0	5048116.0
2110	31	307336.0	5040469.0	299130.0	5040113.0
2536	34	308766.0	5045244.0	299718.0	5040377.0
435	38	307820.0	5034489.0	299319.0	5040351.0
2411	23	312299.0	5048011.0	299467.0	5046279.0
2686	32	310237.0	5050993.0	299391.0	5041509.0
1911	31	312487.0	5038546.0	299832.0	5040223.0
502	27	304934.0	5043206.0	295438.0	5039932.0
1096	26	309267.0	5042706.0	299946.0	5040312.0
1842	30	309352.0	5033907.0	298276.0	5040153.0
1016	28	310039.0	5039644.0	293910.0	5045707.0
578	35	305025.0	5045253.0	295573.0	5046073.0
397	35	309029.0	5034266.0	298835.0	5040345.0
208	35	309966.0	5036680.0	299854.0	5040779.0
1189	38	316385.0	5042535.0	295660.0	5043871.0
1574	24	304784.0	5040096.0	299284.0	5039493.0
1713	20	305575.0	5043525.0	301428.0	5034784.0
1017	32	310069.0	5039587.0	295122.0	5040547.0
655	23	307323.0	5042420.0	297096.0	5043535.0
1342	32	306905.0	5044570.0	300149.0	5041744.0
2367	33	308292.0	5034293.0	300791.0	5046263.0
2412	29	305800.0	5037752.0	298815.0	5040291.0
778	36	305629.0	5034839.0	293105.0	5044892.0
653	20	306931.0	5037004.0	299050.0	5039961.0
2041	28	306405.0	5043210.0	274976.0	5034921.0
2109	29	307148.0	5040510.0	301612.0	5047483.0
1913	30	311067.0	5051127.0	299868.0	5040922.0
2043	24	308989.0	5041771.0	294893.0	5040988.0
1264	22	314230.0	5036569.0	295818.0	5042480.0
2606	24	307362.0	5036894.0	295935.0	5049475.0
95	33	307334.0	5042581.0	295763.0	5049117.0
369	39	307829.0	5049124.0	293737.0	5039679.0
1611	42	309575.0	5050261.0	301259.0	5051576.0
2071	28	309116.0	5049395.0	299763.0	5040904.0
2696	27	306721.0	5040266.0	297269.0	5042002.0
987	33	303666.0	5043989.0	299670.0	5040556.0
882	46	308589.0	5034691.0	299493.0	5039967.0
2680	40	309572.0	5037007.0	300039.0	5039336.0
200	24	305685.0	5038751.0	299501.0	5044453.0
2394	19	307001.0	5042507.0	298926.0	5039485.0
1153	32	308431.0	5051093.0	299568.0	5041757.0
2028	33	305966.0	5046734.0	298981.0	5039680.0
1928	30	308686.0	5053494.0	299606.0	5051111.0
1171	31	309856.0	5047122.0	302291.0	5051147.0
2199	19	315922.0	5042228.0	302432.0	5051127.0
34	20	307657.0	5047868.0	300670.0	5044912.0
441	27	306085.0	5042433.0	299082.0	5042370.0
1766	27	307078.0	5037731.0	299333.0	5040746.0
549	45	307209.0	5039488.0	294643.0	5039193.0
1084	23	305612.0	5038492.0	298030.0	5039161.0
1499	18	303845.0	5040948.0	298777.0	5040247.0
1652	36	312645.0	5038327.0	299655.0	5040114.0
2357	28	308475.0	5047204.0	305113.0	5056418.0
186	33	308300.0	5042662.0	294645.0	5050584.0
2972	27	308990.0	5048853.0	297598.0	5048654.0
210	33	307876.0	5046075.0	299787.0	5040174.0
2336	27	305655.0	5043228.0	299706.0	5039746.0
2302	27	309093.0	5042230.0	299052.0	5043605.0
798	56	306755.0	5033481.0	299186.0	5039661.0
1485	21	305254.0	5040653.0	299831.0	5040983.0
2267	20	305379.0	5044083.0	302241.0	5046597.0
1183	33	307554.0	5047743.0	298967.0	5036386.0
302	24	306051.0	5038987.0	300612.0	5040818.0
1583	25	311473.0	5036533.0	285238.0	5035407.0
2066	56	306493.0	5040133.0	285195.0	5035630.0
1845	38	306285.0	5036159.0	299009.0	5040155.0
2516	33	305738.0	5044051.0	300273.0	5046178.0
1146	19	305089.0	5043243.0	296845.0	5038016.0
487	30	305609.0	5041404.0	299281.0	5040923.0
528	20	309352.0	5038869.0	295296.0	5040483.0
2395	22	307122.0	5042287.0	300435.0	5040691.0
1614	34	309117.0	5045197.0	303546.0	5048548.0
1529	36	312792.0	5039561.0	299973.0	5040800.0
2609	24	312371.0	5048549.0	301081.0	5045112.0
2285	29	309917.0	5039817.0	300611.0	5045431.0
1498	33	304580.0	5038079.0	298471.0	5040829.0
591	23	309633.0	5039157.0	298633.0	5039347.0
816	27	310309.0	5039921.0	293838.0	5050568.0
2086	17	305275.0	5040919.0	296686.0	5043212.0
1645	26	312442.0	5040344.0	299829.0	5040026.0
2049	33	310800.0	5048624.0	298990.0	5040647.0
165	34	309586.0	5042025.0	298959.0	5039549.0
2354	36	307375.0	5036524.0	299177.0	5034748.0
160	28	307728.0	5037127.0	295999.0	5040987.0
562	27	312527.0	5041007.0	300210.0	5042819.0
2965	30	308882.0	5045283.0	290651.0	5034105.0
1941	39	304441.0	5041306.0	295236.0	5051183.0
2128	36	308031.0	5035202.0	298914.0	5054203.0
1872	33	308341.0	5042926.0	300562.0	5039701.0
611	24	306838.0	5042783.0	300112.0	5040357.0
2760	21	307686.0	5046632.0	298853.0	5052042.0
573	22	310518.0	5040029.0	289519.0	5039383.0
2591	35	309453.0	5039709.0	299623.0	5040737.0
1305	39	310792.0	5040716.0	300632.0	5045618.0
666	17	304763.0	5037482.0	299391.0	5039705.0
1610	26	308126.0	5051805.0	299687.0	5039857.0
1226	26	312830.0	5038667.0	280205.0	5037777.0
1378	27	303898.0	5042633.0	279444.0	5037760.0
2078	38	308066.0	5043310.0	301190.0	5045627.0
2088	30	307751.0	5032875.0	293765.0	5040841.0
2181	31	308424.0	5038755.0	298741.0	5039613.0
2007	24	303980.0	5039606.0	296522.0	5043740.0
1228	47	305744.0	5043392.0	301675.0	5037548.0
1946	33	305342.0	5042051.0	297755.0	5041807.0
69	26	307305.0	5032321.0	298605.0	5051002.0
1509	28	303277.0	5042958.0	300355.0	5040641.0
1357	29	309087.0	5043142.0	299042.0	5040355.0
449	57	307763.0	5033432.0	298209.0	5039019.0
2433	57	303696.0	5043538.0	299374.0	5040052.0
1261	30	314266.0	5036364.0	299051.0	5039921.0
2741	29	303930.0	5041957.0	295668.0	5043354.0
1944	34	306782.0	5035602.0	299602.0	5039841.0
1088	30	308427.0	5037634.0	297951.0	5038708.0
933	32	306083.0	5041477.0	300469.0	5041392.0
211	24	310494.0	5039464.0	299106.0	5040533.0
1968	36	307655.0	5044880.0	298109.0	5033422.0
699	28	310491.0	5038988.0	294175.0	5035708.0
2148	19	304107.0	5041608.0	299787.0	5041467.0
1558	23	310741.0	5050381.0	301014.0	5050862.0
606	28	307037.0	5041724.0	300941.0	5047898.0
993	48	306007.0	5042365.0	292755.0	5045419.0
130	35	303702.0	5042106.0	299249.0	5039829.0
451	43	307602.0	5049386.0	295454.0	5053305.0
782	50	305844.0	5043632.0	300164.0	5042656.0
2714	38	313642.0	5039309.0	285418.0	5035346.0
1807	21	304108.0	5039392.0	299650.0	5040276.0
1285	32	305573.0	5035359.0	299051.0	5039961.0
1716	30	314735.0	5043349.0	300542.0	5051587.0
621	42	309923.0	5050294.0	299176.0	5039737.0
1692	32	309655.0	5050103.0	296075.0	5041297.0
2415	18	305948.0	5037737.0	303150.0	5051396.0
1681	44	306697.0	5046686.0	295046.0	5039306.0
2056	20	303365.0	5041715.0	299700.0	5040643.0
1932	32	308398.0	5046166.0	299512.0	5041535.0
256	28	306862.0	5040070.0	294506.0	5039908.0
566	39	303809.0	5043863.0	300700.0	5042664.0
2125	21	306347.0	5046007.0	298489.0	5050879.0
850	23	309476.0	5033468.0	290945.0	5044359.0
1332	21	303755.0	5040930.0	292461.0	5039809.0
1960	36	305906.0	5041719.0	287602.0	5039615.0
2153	20	308635.0	5042064.0	293703.0	5034538.0
2797	27	306867.0	5042125.0	295972.0	5053233.0
1286	27	305526.0	5035327.0	298552.0	5040904.0
710	31	306887.0	5041723.0	299141.0	5041308.0
1883	39	312983.0	5040441.0	299757.0	5039935.0
2184	36	306312.0	5036329.0	299871.0	5040327.0
1403	35	307168.0	5046602.0	299899.0	5043166.0
2238	44	305736.0	5035524.0	299577.0	5040259.0
1452	27	310247.0	5049569.0	300515.0	5042103.0
1083	30	305357.0	5038704.0	298396.0	5046538.0
2417	20	305977.0	5042977.0	299612.0	5041662.0
788	26	307554.0	5047624.0	294401.0	5053417.0
1010	31	310976.0	5046870.0	281805.0	5035472.0
1143	32	308746.0	5036910.0	300243.0	5040198.0
1223	28	308526.0	5050454.0	295790.0	5040155.0
922	20	303167.0	5042013.0	299982.0	5039066.0
1220	23	306749.0	5035732.0	299269.0	5037716.0
1184	24	310109.0	5037536.0	288823.0	5038226.0
2500	26	308602.0	5042840.0	300061.0	5041763.0
2003	24	306362.0	5040387.0	301566.0	5046010.0
2483	38	305979.0	5044406.0	300038.0	5051214.0
1966	30	307021.0	5047468.0	290531.0	5042081.0
1429	37	312274.0	5039606.0	298800.0	5042219.0
1121	21	309450.0	5036866.0	301463.0	5045709.0
1179	52	304056.0	5042803.0	296106.0	5040640.0
2702	22	310260.0	5033917.0	275640.0	5034978.0
2625	45	306676.0	5046292.0	298636.0	5039571.0
1556	21	306926.0	5037088.0	296711.0	5031391.0
1617	24	307772.0	5032077.0	296325.0	5045017.0
1414	22	312772.0	5037722.0	299655.0	5040027.0
2950	27	306666.0	5040358.0	301134.0	5036330.0
2514	28	306110.0	5039156.0	299720.0	5039574.0
173	48	306075.0	5041982.0	297544.0	5043142.0
2243	20	305641.0	5038621.0	304663.0	5054289.0
2458	22	307553.0	5042881.0	293766.0	5045243.0
1419	36	306917.0	5036699.0	298756.0	5035243.0
2923	21	307740.0	5034389.0	296511.0	5037399.0
1051	29	309652.0	5034773.0	290567.0	5041567.0
1963	21	312324.0	5039960.0	299422.0	5041980.0
877	23	306255.0	5038982.0	298262.0	5042185.0
828	26	312676.0	5038100.0	299976.0	5041359.0
2207	33	311864.0	5039313.0	299047.0	5050155.0
1111	43	306624.0	5033446.0	278556.0	5036533.0
1113	24	305540.0	5037009.0	299453.0	5041333.0
563	23	312342.0	5040776.0	300426.0	5043535.0
448	46	307787.0	5033493.0	294510.0	5031059.0
981	27	305992.0	5047513.0	300660.0	5040768.0
994	29	308370.0	5044204.0	300235.0	5041617.0
2368	26	305346.0	5044137.0	296782.0	5048091.0
2176	17	306376.0	5037787.0	299430.0	5042171.0
925	38	304200.0	5042473.0	299253.0	5040449.0
954	28	308827.0	5044820.0	298769.0	5041136.0
216	24	308850.0	5044590.0	289437.0	5041585.0
411	19	308608.0	5035561.0	294964.0	5039380.0
1693	24	311975.0	5049527.0	295000.0	5040179.0
1353	21	308787.0	5035770.0	296710.0	5044763.0
1935	45	307500.0	5032976.0	300899.0	5036289.0
412	24	308690.0	5041054.0	301206.0	5048459.0
2549	25	310963.0	5050356.0	300684.0	5039372.0
2716	44	306813.0	5035593.0	298158.0	5042576.0
647	29	305675.0	5035255.0	298928.0	5040142.0
1667	47	309729.0	5036113.0	300196.0	5041450.0
2890	20	305292.0	5034110.0	299384.0	5040257.0
1956	22	308140.0	5038016.0	299597.0	5040714.0
817	25	306354.0	5034775.0	297084.0	5036306.0
1177	25	309088.0	5039080.0	300148.0	5041335.0
2961	26	305957.0	5035076.0	298475.0	5041063.0
2529	28	306058.0	5046484.0	295132.0	5040356.0
243	43	314845.0	5041993.0	300855.0	5050436.0
367	21	305057.0	5037119.0	299354.0	5040220.0
952	19	314908.0	5036980.0	300597.0	5039739.0
2192	27	311199.0	5038365.0	296586.0	5036474.0
153	41	306192.0	5035079.0	295617.0	5041985.0
2643	32	308679.0	5052367.0	295755.0	5042456.0
1712	21	309223.0	5040599.0	298793.0	5044549.0
721	25	312464.0	5047776.0	301715.0	5044365.0
149	22	303199.0	5042752.0	298258.0	5052299.0
1627	27	306942.0	5034713.0	299643.0	5040368.0
2030	19	306701.0	5038403.0	300510.0	5040750.0
764	26	303346.0	5041930.0	280685.0	5035824.0
2988	25	305797.0	5037441.0	301670.0	5036321.0
154	22	306110.0	5036996.0	288787.0	5039814.0
38	27	308375.0	5052342.0	299845.0	5048522.0
2341	25	311332.0	5038891.0	299006.0	5040598.0
440	29	303858.0	5042580.0	298512.0	5044274.0
1373	22	303327.0	5041733.0	294431.0	5036475.0
1166	29	305543.0	5033983.0	299609.0	5040132.0
1862	19	306445.0	5033303.0	288492.0	5034287.0
2834	35	305292.0	5046003.0	299584.0	5039069.0
2503	28	307728.0	5034465.0	297969.0	5038179.0
550	18	306711.0	5039932.0	294766.0	5039748.0
2343	22	308027.0	5040126.0	292761.0	5042009.0
1918	29	307336.0	5036290.0	301433.0	5048716.0
2750	21	307593.0	5033908.0	299501.0	5040118.0
790	30	308284.0	5042537.0	300433.0	5041238.0
462	26	305669.0	5039001.0	298976.0	5039465.0
1355	28	313031.0	5038343.0	302227.0	5046528.0
2934	27	307380.0	5042814.0	298729.0	5046437.0
1880	40	306922.0	5043303.0	299707.0	5041183.0
1054	20	309644.0	5038320.0	295361.0	5037973.0
2540	28	309305.0	5056306.0	293463.0	5050012.0
58	32	305884.0	5046404.0	301481.0	5049997.0
1381	32	311169.0	5037876.0	299581.0	5039951.0
1209	29	306014.0	5034444.0	300652.0	5045634.0
792	32	306159.0	5033373.0	300335.0	5040326.0
719	49	309139.0	5053617.0	291314.0	5041261.0
1661	32	305968.0	5038289.0	298922.0	5040648.0
1752	34	317858.0	5041766.0	300570.0	5038619.0
2841	41	308524.0	5044721.0	296402.0	5044071.0
2315	27	306806.0	5038682.0	299020.0	5042448.0
356	41	303439.0	5043572.0	299036.0	5039497.0
1642	28	308192.0	5032122.0	287797.0	5043475.0
391	17	304094.0	5043052.0	299098.0	5052175.0
757	23	312454.0	5040901.0	303771.0	5050720.0
576	37	307604.0	5038934.0	298307.0	5043202.0
2204	30	307758.0	5032422.0	300057.0	5040605.0
1326	35	306740.0	5036137.0	292047.0	5041057.0
2390	27	308666.0	5035267.0	300105.0	5040096.0
28	19	307462.0	5042412.0	299736.0	5043767.0
1069	35	308162.0	5045661.0	299843.0	5040989.0
1572	26	310413.0	5051098.0	300916.0	5042169.0
965	37	307023.0	5042929.0	300076.0	5040554.0
1830	27	310643.0	5040105.0	296609.0	5044134.0
1094	28	309476.0	5042881.0	302705.0	5040616.0
2858	28	307005.0	5035010.0	299689.0	5035799.0
1237	27	307781.0	5040091.0	290753.0	5044655.0
47	19	309435.0	5033522.0	295666.0	5037277.0
1072	37	309739.0	5037668.0	299725.0	5039866.0
1473	26	303492.0	5040606.0	300128.0	5049853.0
2952	22	304983.0	5040217.0	298659.0	5041548.0
255	30	306673.0	5040327.0	299774.0	5041581.0
485	23	310547.0	5033919.0	297093.0	5037623.0
1907	27	309165.0	5036384.0	292191.0	5040796.0
1257	33	307585.0	5037843.0	299199.0	5040726.0
2389	26	305938.0	5039839.0	301993.0	5045102.0
2768	30	309934.0	5040110.0	299918.0	5041448.0
2864	25	312936.0	5042434.0	299882.0	5043620.0
1274	29	312979.0	5040664.0	296539.0	5032648.0
481	24	312186.0	5040597.0	301244.0	5048421.0
2164	31	305355.0	5037715.0	299416.0	5040482.0
1506	28	306286.0	5036916.0	296824.0	5046100.0
905	24	309155.0	5038282.0	293651.0	5044474.0
898	28	306120.0	5047440.0	299232.0	5040262.0
548	29	308755.0	5036990.0	299293.0	5040073.0
1959	26	305834.0	5041596.0	299184.0	5040534.0
628	25	309541.0	5051134.0	299696.0	5041444.0
1864	27	307745.0	5039164.0	299543.0	5041946.0
1531	40	309636.0	5051687.0	302687.0	5040770.0
1704	24	307587.0	5041818.0	300082.0	5040021.0
1929	29	308634.0	5053764.0	288085.0	5038774.0
895	28	305158.0	5042717.0	300581.0	5043461.0
1014	27	305252.0	5044339.0	296688.0	5032844.0
336	26	307947.0	5039716.0	296234.0	5044877.0
2674	36	307327.0	5039049.0	300082.0	5041940.0
1482	29	304801.0	5043349.0	299490.0	5040271.0
320	32	309429.0	5050792.0	299444.0	5041362.0
460	19	312387.0	5047613.0	298193.0	5035924.0
253	33	314265.0	5036228.0	299772.0	5039880.0
2937	31	309474.0	5037369.0	298032.0	5038371.0
829	27	312835.0	5039221.0	300941.0	5044808.0
614	20	307123.0	5047186.0	298341.0	5055668.0
674	42	304573.0	5042873.0	301897.0	5047925.0
2158	26	308689.0	5036333.0	285444.0	5035364.0
1810	21	311514.0	5039147.0	299967.0	5040231.0
477	22	309080.0	5039051.0	297578.0	5040068.0
842	33	307047.0	5041278.0	299914.0	5040146.0
2710	33	310856.0	5047551.0	299334.0	5037875.0
373	24	308826.0	5048406.0	295327.0	5052008.0
2962	27	305784.0	5035135.0	298995.0	5040643.0
1825	24	307250.0	5040462.0	300510.0	5045882.0
228	22	305783.0	5040649.0	295550.0	5040152.0
2919	28	308216.0	5041138.0	299861.0	5041565.0
541	35	307517.0	5032831.0	299161.0	5040374.0
1702	28	307538.0	5038656.0	298366.0	5043535.0
2319	36	307887.0	5033534.0	298546.0	5039914.0
237	44	309670.0	5036103.0	298217.0	5038903.0
1894	39	312352.0	5037940.0	296176.0	5047241.0
1263	28	314450.0	5036516.0	300291.0	5040873.0
90	27	307051.0	5043532.0	297072.0	5043673.0
2969	44	306066.0	5040925.0	294135.0	5040257.0
1043	33	315822.0	5044418.0	287801.0	5043259.0
13	27	314313.0	5040559.0	302583.0	5051285.0
893	21	304700.0	5044607.0	298078.0	5045214.0
300	23	314170.0	5040710.0	299994.0	5042794.0
2325	36	316117.0	5041547.0	285438.0	5035638.0
1736	28	304385.0	5044159.0	295505.0	5043987.0
2478	39	306521.0	5038721.0	299575.0	5040213.0
262	26	309467.0	5048549.0	295601.0	5039438.0
247	22	303864.0	5040127.0	296541.0	5034072.0
283	32	314396.0	5040507.0	303172.0	5056144.0
1934	40	307536.0	5033113.0	300604.0	5045425.0
2856	29	310848.0	5050027.0	300488.0	5041071.0
2722	48	306110.0	5034202.0	299802.0	5042438.0
2867	19	303921.0	5040314.0	301203.0	5039543.0
738	31	308983.0	5042770.0	295545.0	5044324.0
555	29	307966.0	5044334.0	298774.0	5049064.0
1722	41	311385.0	5048321.0	300363.0	5047911.0
1534	34	307429.0	5041705.0	293039.0	5043553.0
1567	27	308821.0	5036926.0	298680.0	5041012.0
2718	25	308939.0	5036514.0	290525.0	5038968.0
1547	31	310862.0	5038247.0	298715.0	5039839.0
1539	41	310044.0	5049665.0	285689.0	5034032.0
329	36	318405.0	5043051.0	295555.0	5046872.0
545	36	310987.0	5035995.0	299890.0	5041677.0
1425	24	305670.0	5034251.0	298487.0	5040259.0
486	33	308148.0	5043841.0	299736.0	5040466.0
732	32	304532.0	5042260.0	297184.0	5044610.0
2312	42	306128.0	5034013.0	298659.0	5041063.0
522	24	308142.0	5033968.0	299222.0	5039798.0
913	33	310942.0	5050484.0	297068.0	5049699.0
15	26	309559.0	5044005.0	298771.0	5041485.0
94	19	306911.0	5038639.0	300561.0	5036128.0
2262	16	304400.0	5038153.0	299154.0	5040364.0
1897	43	307215.0	5036570.0	300306.0	5041965.0
1738	26	309236.0	5043589.0	299104.0	5053100.0
1554	34	307031.0	5034182.0	296824.0	5044958.0
941	28	308730.0	5035897.0	296706.0	5032912.0
2116	30	310731.0	5037976.0	289011.0	5038312.0
1887	40	309383.0	5054068.0	299793.0	5040994.0
2461	19	308175.0	5045543.0	300400.0	5045447.0
318	38	310238.0	5049043.0	305010.0	5054230.0
565	29	303736.0	5043848.0	299514.0	5040741.0
387	24	308116.0	5039324.0	300706.0	5041122.0
1920	35	305814.0	5042868.0	299644.0	5051130.0
2791	31	309278.0	5049104.0	298526.0	5039018.0
2348	29	310042.0	5037178.0	295749.0	5033866.0
1568	28	306189.0	5047871.0	299112.0	5040168.0
232	32	303919.0	5042441.0	299325.0	5039688.0
66	36	315212.0	5041514.0	291764.0	5045737.0
1658	18	305625.0	5033486.0	299652.0	5040568.0
2212	31	318110.0	5042817.0	298479.0	5039666.0
859	35	308780.0	5042727.0	299519.0	5040809.0
1260	31	303016.0	5042739.0	292993.0	5046908.0
2560	33	307832.0	5049929.0	277355.0	5035001.0
2175	17	306246.0	5037767.0	297546.0	5045563.0
2104	27	309072.0	5044341.0	299732.0	5039912.0
1821	28	311304.0	5036681.0	295679.0	5040462.0
33	26	311601.0	5048035.0	295794.0	5053174.0
493	37	305173.0	5044121.0	294199.0	5051400.0
423	24	310397.0	5038899.0	299316.0	5039791.0
138	27	305462.0	5045112.0	290446.0	5032785.0
207	42	309747.0	5036710.0	298297.0	5038898.0
1217	34	306973.0	5042793.0	298979.0	5035238.0
2303	26	306750.0	5042899.0	300332.0	5041432.0
915	33	305535.0	5044754.0	301232.0	5042142.0
1225	25	312814.0	5038453.0	280225.0	5037787.0
1377	24	310605.0	5051118.0	297291.0	5053215.0
1441	27	305181.0	5044824.0	286884.0	5040536.0
3000	33	308319.0	5038693.0	299501.0	5039667.0
100	28	304695.0	5045491.0	274193.0	5034559.0
2400	40	305151.0	5037496.0	298827.0	5039555.0
1517	36	309888.0	5036944.0	293772.0	5038818.0
91	25	307281.0	5046818.0	300436.0	5041500.0
2506	32	305334.0	5043371.0	299675.0	5040741.0
899	18	304597.0	5042469.0	301595.0	5038985.0
480	27	312913.0	5040769.0	300039.0	5040822.0
1106	28	306885.0	5037001.0	299849.0	5045931.0
445	25	307393.0	5035590.0	295481.0	5036471.0
1545	20	305576.0	5041191.0	298884.0	5043323.0
1769	29	309462.0	5033709.0	291321.0	5032915.0
1590	41	308365.0	5037728.0	299892.0	5040110.0
2730	21	311908.0	5043567.0	295334.0	5041937.0
287	30	306160.0	5045412.0	300497.0	5043697.0
1032	32	307969.0	5044723.0	301106.0	5035779.0
593	24	306171.0	5046623.0	296165.0	5044303.0
2528	29	306122.0	5046416.0	295173.0	5040597.0
1671	25	316957.0	5044931.0	298392.0	5055293.0
1877	26	306332.0	5043976.0	272275.0	5031540.0
2486	40	308616.0	5038573.0	291945.0	5033771.0
1180	24	303793.0	5042974.0	300320.0	5041326.0
654	30	305687.0	5042153.0	298816.0	5042397.0
2346	37	307235.0	5039741.0	279135.0	5036590.0
2022	40	306103.0	5040903.0	302986.0	5052793.0
2903	29	303573.0	5040090.0	300776.0	5046251.0
2938	37	309032.0	5050985.0	290634.0	5039287.0
1677	28	304026.0	5039954.0	297073.0	5045831.0
2751	20	312450.0	5038036.0	299934.0	5040315.0
2062	33	310006.0	5039863.0	300423.0	5045465.0
2927	23	308249.0	5039628.0	299303.0	5040677.0
2567	20	305420.0	5041002.0	297754.0	5039671.0
294	24	310321.0	5040198.0	300146.0	5044657.0
2037	39	305851.0	5041621.0	281497.0	5037053.0
1068	25	307177.0	5034580.0	300627.0	5035785.0
453	46	308443.0	5053176.0	300357.0	5042332.0
847	21	311106.0	5051177.0	292750.0	5039829.0
2849	37	312921.0	5038752.0	289814.0	5039093.0
2209	30	311114.0	5037856.0	296841.0	5043388.0
2432	58	303677.0	5043271.0	295858.0	5040954.0
1141	28	307830.0	5040272.0	297601.0	5044944.0
1943	20	312837.0	5038378.0	299793.0	5040258.0
2828	37	308753.0	5037130.0	298475.0	5042142.0
2611	22	307799.0	5037309.0	287516.0	5038278.0
2662	30	310047.0	5037224.0	292452.0	5043630.0
1867	28	305666.0	5047240.0	299443.0	5040282.0
359	29	306590.0	5033600.0	298542.0	5040173.0
2996	44	308595.0	5049361.0	299860.0	5041682.0
2967	33	308626.0	5043483.0	282722.0	5037785.0
875	22	306229.0	5038774.0	298259.0	5042175.0
1139	36	307780.0	5037112.0	299716.0	5043029.0
2397	36	306023.0	5041847.0	299869.0	5040847.0
97	24	306773.0	5043057.0	295923.0	5049461.0
706	20	305960.0	5042990.0	300116.0	5041130.0
2118	31	310554.0	5038035.0	289244.0	5038116.0
1318	23	309557.0	5042200.0	297664.0	5044555.0
1375	27	308557.0	5041970.0	299872.0	5040720.0
781	34	305773.0	5043892.0	299535.0	5041515.0
2471	27	312003.0	5048013.0	302007.0	5050054.0
1075	27	307233.0	5044131.0	299385.0	5040260.0
2651	30	307758.0	5036644.0	301254.0	5035549.0
1427	19	306171.0	5037267.0	296298.0	5045212.0
853	32	311267.0	5047423.0	299540.0	5034622.0
837	22	304441.0	5045023.0	275718.0	5037830.0
306	24	316794.0	5041826.0	300204.0	5040443.0
615	31	305286.0	5045970.0	296709.0	5043880.0
771	35	305809.0	5035949.0	298744.0	5039645.0
377	44	303209.0	5042897.0	300705.0	5043675.0
1546	28	309205.0	5042641.0	299782.0	5051111.0
1102	17	305210.0	5042052.0	299412.0	5056076.0
2504	39	305410.0	5043392.0	300439.0	5039215.0
494	35	306966.0	5043002.0	297383.0	5044305.0
1740	22	306027.0	5046534.0	300407.0	5046189.0
2172	25	310095.0	5037159.0	298653.0	5040807.0
1982	33	308330.0	5039048.0	298559.0	5039835.0
1757	40	305131.0	5044143.0	298518.0	5056247.0
1450	37	306918.0	5035878.0	299781.0	5039302.0
296	16	303475.0	5040719.0	300640.0	5040827.0
1651	23	306373.0	5041818.0	299245.0	5040384.0
949	30	308892.0	5048067.0	293401.0	5041684.0
1874	34	305912.0	5045352.0	298991.0	5040392.0
119	35	302984.0	5043226.0	300032.0	5041676.0
1152	48	308463.0	5050870.0	295951.0	5040109.0
846	22	304882.0	5039188.0	285989.0	5039190.0
854	30	307785.0	5033350.0	297788.0	5047346.0
2544	25	312788.0	5039713.0	296840.0	5045124.0
1086	15	305438.0	5038442.0	299427.0	5040859.0
275	27	307947.0	5044348.0	299735.0	5045721.0
796	21	307418.0	5043543.0	300586.0	5051598.0
2530	24	315836.0	5042661.0	298485.0	5046460.0
523	29	308162.0	5034004.0	295731.0	5037353.0
417	29	307081.0	5038367.0	301320.0	5049327.0
677	35	317362.0	5041999.0	301575.0	5036867.0
1325	46	306730.0	5036116.0	300074.0	5037556.0
162	29	303440.0	5043685.0	300315.0	5040933.0
1889	24	308083.0	5050442.0	299875.0	5040744.0
2252	28	308171.0	5034355.0	295087.0	5039003.0
2823	24	304926.0	5039974.0	298094.0	5038766.0
760	49	308780.0	5038604.0	299120.0	5040432.0
190	29	311306.0	5036610.0	299472.0	5039745.0
1097	46	311079.0	5050692.0	300465.0	5036075.0
2561	29	309928.0	5051674.0	299289.0	5040250.0
1699	22	308954.0	5035392.0	299806.0	5039919.0
2671	27	306113.0	5041446.0	301581.0	5037754.0
106	20	306838.0	5036895.0	301456.0	5035885.0
2177	19	306457.0	5037775.0	297800.0	5045539.0
773	15	303129.0	5041908.0	298523.0	5036987.0
2801	22	311725.0	5047469.0	273404.0	5040951.0
1239	26	306808.0	5039189.0	299129.0	5034477.0
1235	19	303859.0	5042938.0	298071.0	5046180.0
81	32	303733.0	5043293.0	300837.0	5048095.0
2613	41	317067.0	5043635.0	299336.0	5040390.0
2622	35	309437.0	5033656.0	275759.0	5034457.0
386	33	305783.0	5035368.0	300512.0	5039685.0
1648	28	311362.0	5050411.0	299551.0	5051128.0
1560	29	316419.0	5044411.0	293686.0	5044778.0
2595	39	315213.0	5043975.0	293521.0	5047632.0
2607	26	307993.0	5035871.0	295296.0	5040615.0
1376	22	310800.0	5051074.0	300321.0	5048145.0
1145	33	309985.0	5048265.0	299491.0	5041415.0
2010	33	303979.0	5039870.0	298934.0	5039564.0
982	32	305986.0	5047537.0	300466.0	5040576.0
428	37	307412.0	5039741.0	299000.0	5039581.0
1781	33	308825.0	5043348.0	299180.0	5051588.0
2096	27	308461.0	5036970.0	300489.0	5040930.0
682	38	307181.0	5036461.0	295456.0	5052616.0
2279	28	315534.0	5043723.0	299572.0	5040648.0
2180	28	311229.0	5040703.0	299653.0	5041603.0
32	32	307835.0	5046099.0	299641.0	5041003.0
2976	23	307974.0	5046051.0	295457.0	5039999.0
390	26	307625.0	5039969.0	299265.0	5039471.0
1519	34	304484.0	5039304.0	300179.0	5041489.0
241	32	305443.0	5036943.0	295344.0	5040533.0
2660	27	306284.0	5040043.0	295833.0	5044503.0
2009	32	303936.0	5039829.0	298937.0	5039576.0
2515	25	305727.0	5043885.0	300232.0	5043270.0
2373	31	307746.0	5034038.0	299806.0	5040579.0
497	26	309885.0	5038268.0	299577.0	5040169.0
2063	32	309804.0	5039684.0	299374.0	5039942.0
2428	37	305169.0	5044076.0	299833.0	5049529.0
2917	25	311227.0	5035630.0	291933.0	5034174.0
419	37	306357.0	5037158.0	298727.0	5046952.0
813	23	308245.0	5035612.0	302906.0	5040585.0
2832	38	305817.0	5042232.0	300493.0	5047330.0
491	35	306200.0	5036935.0	299369.0	5040391.0
1131	24	313000.0	5040525.0	300963.0	5048391.0
659	31	304957.0	5037528.0	299466.0	5040130.0
1589	22	304875.0	5043409.0	300516.0	5042077.0
2844	27	307215.0	5033434.0	285485.0	5039119.0
780	25	311435.0	5035099.0	304433.0	5059068.0
955	25	316982.0	5043424.0	298377.0	5038398.0
2932	32	307533.0	5041212.0	298547.0	5052206.0
1329	40	307371.0	5037592.0	279316.0	5039412.0
736	32	306204.0	5038208.0	295904.0	5040400.0
2692	32	307305.0	5034891.0	298664.0	5040348.0
2475	25	308373.0	5054151.0	301850.0	5044767.0
737	27	308938.0	5042943.0	295326.0	5044131.0
2230	36	310649.0	5040454.0	297925.0	5035191.0
1808	28	302928.0	5042699.0	295852.0	5044372.0
1019	27	307852.0	5046007.0	302186.0	5041896.0
1869	37	306494.0	5037600.0	300253.0	5041523.0
202	22	306762.0	5035544.0	279052.0	5036019.0
2328	27	303851.0	5040207.0	300216.0	5040192.0
1480	26	311025.0	5048750.0	291003.0	5041434.0
962	30	307260.0	5044563.0	299586.0	5040762.0
2642	40	314671.0	5041130.0	299362.0	5045249.0
2699	18	305285.0	5034664.0	301406.0	5039798.0
2571	25	306097.0	5037848.0	299602.0	5040367.0
2365	27	303103.0	5041762.0	297640.0	5052822.0
2924	20	307979.0	5049932.0	300464.0	5045654.0
641	27	304436.0	5043367.0	300130.0	5041771.0
848	26	310907.0	5051205.0	296731.0	5043842.0
2275	26	305608.0	5044275.0	299260.0	5040505.0
2846	32	305172.0	5043451.0	302035.0	5041920.0
1770	38	302909.0	5043247.0	299720.0	5041254.0
454	23	309034.0	5038443.0	299451.0	5041417.0
1888	25	308218.0	5050506.0	299430.0	5039873.0
2422	29	306984.0	5038179.0	285360.0	5035605.0
2362	31	310894.0	5040505.0	300274.0	5041790.0
535	31	308389.0	5036130.0	295632.0	5035843.0
1134	28	310522.0	5050636.0	289201.0	5034892.0
1197	35	305081.0	5044066.0	271704.0	5030561.0
2429	22	314370.0	5036433.0	295874.0	5040486.0
1475	35	303170.0	5042672.0	298708.0	5045047.0
856	26	304659.0	5043798.0	299249.0	5041212.0
2953	25	304831.0	5040158.0	298658.0	5041729.0
2963	26	311150.0	5047287.0	304428.0	5055747.0
402	22	305878.0	5034633.0	300655.0	5046465.0
676	27	307813.0	5039651.0	299718.0	5039949.0
2987	34	307182.0	5037617.0	291743.0	5043123.0
2385	32	310332.0	5049305.0	299827.0	5040659.0
1167	24	308852.0	5050427.0	292453.0	5044220.0
2299	39	306738.0	5046313.0	301191.0	5042511.0
504	30	309083.0	5052440.0	288834.0	5037563.0
2543	25	308080.0	5050200.0	290580.0	5040684.0
1128	33	308479.0	5037626.0	302012.0	5042656.0
1341	58	305924.0	5044510.0	301689.0	5047853.0
2261	21	304596.0	5038128.0	298960.0	5037678.0
692	27	318588.0	5042433.0	295499.0	5040924.0
2678	31	304242.0	5042473.0	299633.0	5040342.0
1564	24	304267.0	5039936.0	299282.0	5039658.0
2488	33	308750.0	5043294.0	299341.0	5040360.0
1001	37	305020.0	5042084.0	298933.0	5053398.0
2113	34	305698.0	5040192.0	299170.0	5036565.0
1315	27	305937.0	5040132.0	296619.0	5045229.0
1515	33	316678.0	5041862.0	299372.0	5043382.0
1005	35	304740.0	5044930.0	299558.0	5040038.0
944	25	311008.0	5039759.0	299862.0	5041101.0
345	27	312402.0	5050000.0	299185.0	5040230.0
2562	44	304637.0	5039645.0	299081.0	5040357.0
1629	27	307107.0	5043631.0	295847.0	5044021.0
722	25	312233.0	5048165.0	299044.0	5045154.0
347	28	307509.0	5039995.0	299634.0	5040985.0
2005	19	306292.0	5032629.0	298184.0	5044582.0
1476	41	306275.0	5033837.0	289243.0	5034929.0
2616	24	310423.0	5038578.0	299548.0	5036487.0
1817	33	309042.0	5054088.0	298055.0	5038345.0
1952	37	309934.0	5034098.0	303237.0	5051375.0
2241	29	307603.0	5041543.0	292784.0	5044284.0
1815	19	305089.0	5041466.0	298747.0	5039583.0
121	36	306332.0	5036938.0	299125.0	5040357.0
1074	28	307239.0	5044102.0	298553.0	5039564.0
70	24	307067.0	5044017.0	300729.0	5041915.0
1719	40	307902.0	5048537.0	299229.0	5038046.0
2845	29	307083.0	5033693.0	285655.0	5039177.0
2195	29	304956.0	5042611.0	300669.0	5045126.0
1676	24	305176.0	5043854.0	302695.0	5051189.0
1369	45	306754.0	5036956.0	297387.0	5042397.0
2018	36	307949.0	5044322.0	295500.0	5040275.0
1566	32	306123.0	5042086.0	299822.0	5040878.0
14	26	303140.0	5042731.0	295634.0	5039332.0
845	21	307058.0	5041062.0	293213.0	5047409.0
282	20	305754.0	5044314.0	299353.0	5040808.0
1726	30	306836.0	5033574.0	297817.0	5039107.0
1292	34	305542.0	5034841.0	294766.0	5038661.0
474	25	312340.0	5040092.0	299513.0	5040283.0
140	31	307713.0	5041499.0	298807.0	5041721.0
1449	36	306941.0	5035969.0	299963.0	5039286.0
310	23	309346.0	5052336.0	290808.0	5041636.0
19	30	307969.0	5046035.0	299411.0	5040675.0
2222	21	304554.0	5043147.0	291053.0	5042368.0
1036	22	308804.0	5039223.0	299779.0	5040346.0
934	35	311658.0	5050300.0	299840.0	5042667.0
765	38	312649.0	5040902.0	299697.0	5041643.0
124	29	305582.0	5040515.0	295859.0	5040946.0
2818	38	306371.0	5034758.0	299221.0	5039520.0
1307	23	303192.0	5042932.0	300717.0	5041288.0
2848	21	304723.0	5045119.0	292929.0	5035651.0
2090	29	308215.0	5034636.0	299329.0	5040200.0
990	31	306215.0	5043470.0	297136.0	5046376.0
2143	34	307916.0	5048177.0	305117.0	5055873.0
1000	29	308281.0	5052494.0	298681.0	5046501.0
2189	51	316856.0	5042850.0	299487.0	5040599.0
2977	27	308038.0	5045913.0	295674.0	5040051.0
1090	27	306145.0	5046115.0	302176.0	5042188.0
1130	29	312803.0	5040471.0	299870.0	5041660.0
843	35	307084.0	5041298.0	299874.0	5041779.0
25	36	304411.0	5044718.0	300280.0	5041828.0
35	33	307141.0	5048737.0	291996.0	5046591.0
2436	32	312312.0	5039659.0	300385.0	5041302.0
1856	31	309228.0	5050368.0	293601.0	5036096.0
2223	35	308330.0	5042804.0	299594.0	5039887.0
1098	55	317527.0	5042898.0	300413.0	5040365.0
588	35	302968.0	5042748.0	291325.0	5045800.0
36	27	309172.0	5044820.0	287857.0	5043681.0
1029	38	311580.0	5049538.0	299767.0	5051134.0
1666	28	308368.0	5049162.0	299874.0	5040121.0
1430	21	309505.0	5052148.0	301417.0	5036314.0
2165	21	304481.0	5040608.0	299410.0	5040476.0
2371	23	310675.0	5037816.0	299055.0	5039925.0
2687	37	303417.0	5039386.0	275362.0	5038948.0
368	21	311226.0	5038369.0	302644.0	5040557.0
220	32	305823.0	5043764.0	295659.0	5042998.0
198	21	312062.0	5040522.0	298622.0	5039398.0
1798	25	307909.0	5045696.0	294668.0	5045541.0
305	17	316936.0	5041985.0	300436.0	5040924.0
1948	28	307081.0	5042730.0	299892.0	5041751.0
394	30	308829.0	5034474.0	298029.0	5038957.0
1270	21	307855.0	5040058.0	297872.0	5046150.0
1079	26	307818.0	5033991.0	297003.0	5045287.0
517	23	303142.0	5042839.0	299055.0	5041976.0
1670	35	315734.0	5042891.0	300129.0	5042080.0
2942	21	305692.0	5043059.0	299114.0	5042126.0
2124	34	309706.0	5048287.0	298679.0	5040212.0
1809	27	304856.0	5041705.0	300436.0	5043077.0
2000	32	309175.0	5054133.0	300640.0	5044422.0
1925	23	303346.0	5041698.0	292996.0	5044158.0
1776	40	307420.0	5038202.0	292188.0	5032463.0
832	31	306859.0	5033734.0	300769.0	5041086.0
2051	24	304112.0	5044639.0	293965.0	5038902.0
1158	35	306838.0	5037225.0	294207.0	5038261.0
499	16	308179.0	5048403.0	293700.0	5037985.0
1428	23	306147.0	5037270.0	286519.0	5039126.0
463	26	306874.0	5038705.0	300947.0	5034862.0
1954	23	307257.0	5036849.0	301932.0	5050823.0
1401	23	306202.0	5035451.0	285166.0	5035389.0
1696	38	304274.0	5041713.0	302248.0	5045628.0
166	38	302923.0	5042740.0	299594.0	5051138.0
1339	25	305219.0	5036628.0	301757.0	5044703.0
2984	30	305332.0	5040547.0	300016.0	5040234.0
2240	23	304764.0	5045894.0	296579.0	5048807.0
65	51	304966.0	5039604.0	300448.0	5051546.0
192	29	306581.0	5044047.0	301191.0	5050698.0
831	24	309288.0	5048343.0	299764.0	5051329.0
777	22	305916.0	5042344.0	300863.0	5042208.0
2381	44	309013.0	5033909.0	285249.0	5035391.0
1132	22	312811.0	5040677.0	300467.0	5041277.0
975	27	307822.0	5045526.0	295867.0	5044264.0
115	25	307667.0	5041164.0	301843.0	5050110.0
2314	26	303193.0	5042720.0	295164.0	5044715.0
20	27	305736.0	5043948.0	299359.0	5051103.0
2583	36	309887.0	5038027.0	299829.0	5035871.0
2675	30	311361.0	5035565.0	300488.0	5043243.0
170	25	305763.0	5042401.0	290645.0	5044530.0
1024	18	308401.0	5041442.0	288748.0	5039467.0
889	20	311076.0	5038433.0	300636.0	5041595.0
1321	42	307424.0	5031984.0	299902.0	5043170.0
1607	23	312944.0	5038597.0	299944.0	5041497.0
2792	56	304162.0	5044489.0	300179.0	5040105.0
2869	20	304646.0	5038346.0	299676.0	5040849.0
2698	20	305480.0	5034634.0	301201.0	5039558.0
1082	27	308186.0	5040096.0	275645.0	5033661.0
88	22	307895.0	5044381.0	301048.0	5042106.0
471	33	304281.0	5040607.0	298694.0	5039510.0
433	20	307864.0	5043095.0	301229.0	5035113.0
2693	35	307231.0	5034910.0	298550.0	5041059.0
1161	27	310544.0	5047635.0	290723.0	5043627.0
2704	29	308373.0	5050311.0	299430.0	5040555.0
2525	23	308097.0	5038557.0	301130.0	5043011.0
96	41	306770.0	5038990.0	293778.0	5031543.0
2877	35	308254.0	5039936.0	300197.0	5041614.0
1402	24	303379.0	5042980.0	297918.0	5035950.0
575	26	309120.0	5050312.0	293915.0	5034984.0
2224	33	304636.0	5044666.0	296035.0	5040481.0
2787	27	314216.0	5047887.0	296892.0	5049049.0
1348	46	306567.0	5041587.0	298009.0	5039099.0
2851	48	310670.0	5050691.0	300125.0	5041788.0
1748	32	310773.0	5037178.0	300082.0	5041608.0
645	30	305636.0	5035295.0	298965.0	5040325.0
1767	30	308530.0	5050787.0	300183.0	5055428.0
2861	30	306601.0	5041097.0	298723.0	5039583.0
1203	19	308996.0	5038809.0	300237.0	5041503.0
1942	33	303609.0	5040206.0	295360.0	5051390.0
1541	27	307197.0	5048664.0	295735.0	5046145.0
1460	30	310510.0	5050924.0	293183.0	5050052.0
2330	36	305921.0	5033710.0	299966.0	5040070.0
158	42	307965.0	5037350.0	291031.0	5032520.0
2711	24	309267.0	5050670.0	285911.0	5035118.0
2439	46	306966.0	5038378.0	298764.0	5039852.0
1685	30	311268.0	5048109.0	300126.0	5041609.0
2029	44	306493.0	5033258.0	284303.0	5037957.0
2213	27	307357.0	5035016.0	297197.0	5044488.0
797	30	309390.0	5040022.0	298463.0	5042002.0
2645	46	308533.0	5042297.0	297113.0	5043367.0
1108	27	305532.0	5034643.0	300003.0	5040986.0
680	26	306948.0	5038081.0	298966.0	5039702.0
2813	32	308330.0	5042604.0	298357.0	5050606.0
1548	42	305289.0	5037135.0	296352.0	5037023.0
1814	46	306500.0	5042300.0	297755.0	5049448.0
1806	31	304151.0	5039435.0	299436.0	5040119.0
1619	34	306037.0	5034506.0	279761.0	5036229.0
2081	29	316441.0	5042393.0	297925.0	5041974.0
1902	35	307436.0	5033817.0	296103.0	5034032.0
2879	28	304347.0	5039654.0	298359.0	5043782.0
1026	25	303031.0	5042890.0	292363.0	5047712.0
1527	29	302881.0	5043010.0	300864.0	5040880.0
709	29	306664.0	5041767.0	293278.0	5047129.0
2297	22	303808.0	5041137.0	297763.0	5036474.0
201	25	306846.0	5035554.0	278833.0	5036048.0
896	29	309018.0	5041135.0	301324.0	5039587.0
476	73	317673.0	5042134.0	300903.0	5037328.0
156	23	314357.0	5040549.0	299599.0	5046476.0
698	27	310446.0	5038967.0	299267.0	5040181.0
1240	36	303806.0	5042949.0	301894.0	5044962.0
2901	22	306758.0	5042502.0	299642.0	5039914.0
1258	36	311888.0	5039819.0	298871.0	5039969.0
2251	33	306545.0	5043702.0	299079.0	5043606.0
2707	33	318500.0	5044952.0	293160.0	5041747.0
2661	27	306251.0	5040087.0	298953.0	5037682.0
669	45	309259.0	5038790.0	299059.0	5039972.0
61	38	308013.0	5047147.0	300789.0	5046145.0
2247	29	311007.0	5050465.0	302744.0	5052614.0
560	37	307814.0	5035508.0	295814.0	5040960.0
1605	34	306620.0	5033894.0	295191.0	5040117.0
923	32	305064.0	5044029.0	294720.0	5044895.0
1813	46	306596.0	5042269.0	298453.0	5042673.0
2960	28	305739.0	5035271.0	299186.0	5040498.0
729	30	305956.0	5032743.0	298886.0	5048130.0
1133	30	308066.0	5035888.0	304096.0	5058164.0
769	30	306077.0	5047802.0	300581.0	5035580.0
885	31	308223.0	5038317.0	298986.0	5039616.0
381	23	308022.0	5033029.0	299109.0	5040110.0
1393	34	309167.0	5043827.0	299376.0	5039760.0
1200	24	308089.0	5051638.0	297818.0	5038982.0
1354	36	306066.0	5042168.0	299643.0	5040806.0
779	43	305866.0	5034822.0	292912.0	5044818.0
176	18	302877.0	5042949.0	298464.0	5041062.0
2734	27	310319.0	5040841.0	297814.0	5032266.0
2492	37	305790.0	5039811.0	299137.0	5043881.0
1834	20	310860.0	5050815.0	300656.0	5042020.0
505	20	306803.0	5037098.0	293009.0	5039565.0
1461	41	307299.0	5035191.0	300104.0	5037634.0
151	35	306365.0	5034871.0	295621.0	5042009.0
2441	37	304258.0	5044847.0	297358.0	5037135.0
2995	25	305307.0	5044964.0	295909.0	5034002.0
316	32	304449.0	5037975.0	299476.0	5040752.0
2738	22	310710.0	5048456.0	299639.0	5051163.0
1458	37	308658.0	5038194.0	300581.0	5040727.0
2839	28	309535.0	5047827.0	299466.0	5037534.0
1638	26	306467.0	5042684.0	302051.0	5045447.0
2550	20	304382.0	5040675.0	296128.0	5041254.0
2132	23	309889.0	5052169.0	300634.0	5045666.0
2993	25	308574.0	5041259.0	299721.0	5043860.0
649	34	306410.0	5036281.0	285371.0	5035634.0
2817	31	308908.0	5037301.0	298615.0	5039743.0
2739	22	312566.0	5040440.0	299976.0	5035805.0
188	26	307239.0	5036074.0	299648.0	5042911.0
11	33	307655.0	5048382.0	298163.0	5038048.0
1865	28	310536.0	5051670.0	299546.0	5039955.0
911	29	307054.0	5035836.0	301377.0	5044561.0
2073	20	306189.0	5038519.0	298534.0	5039822.0
1854	38	308298.0	5037109.0	299812.0	5040075.0
2638	33	309294.0	5041730.0	298956.0	5040039.0
2352	21	317168.0	5042203.0	299533.0	5041727.0
272	26	311911.0	5043781.0	299057.0	5049050.0
2727	22	305152.0	5038337.0	297840.0	5043021.0
384	23	310802.0	5038797.0	298705.0	5033394.0
883	19	303163.0	5042745.0	302728.0	5047722.0
2731	46	308729.0	5038240.0	299130.0	5040441.0
2427	32	304601.0	5044129.0	299849.0	5041750.0
1137	55	302937.0	5042945.0	297774.0	5043343.0
1050	31	306302.0	5045976.0	295723.0	5040292.0
2277	18	305987.0	5035053.0	290596.0	5043761.0
212	28	309447.0	5041735.0	281744.0	5038070.0
54	27	314200.0	5040509.0	301141.0	5045060.0
184	29	305135.0	5043947.0	297156.0	5042692.0
725	23	317194.0	5043602.0	302906.0	5051789.0
1136	31	305158.0	5045806.0	297846.0	5043939.0
191	25	308217.0	5043722.0	298570.0	5053982.0
2055	16	303299.0	5041792.0	299670.0	5040575.0
1995	25	309197.0	5053439.0	300779.0	5043190.0
2795	21	306602.0	5034970.0	297456.0	5043422.0
789	26	310958.0	5048896.0	298629.0	5033349.0
26	35	306564.0	5042453.0	299892.0	5042888.0
598	29	303329.0	5042358.0	293638.0	5031168.0
2743	28	305413.0	5034718.0	285191.0	5035591.0
2776	35	304647.0	5045211.0	295114.0	5042771.0
2581	35	309709.0	5035065.0	300094.0	5042154.0
2042	31	311100.0	5047279.0	299415.0	5040965.0
2340	23	311152.0	5038957.0	299056.0	5040453.0
1930	25	308634.0	5053735.0	299181.0	5039675.0
2620	22	312423.0	5038220.0	298644.0	5039449.0
1985	29	307156.0	5041963.0	299928.0	5040571.0
2836	56	303107.0	5042817.0	289385.0	5041535.0
1404	37	307759.0	5032528.0	298329.0	5039206.0
1870	46	308307.0	5043100.0	300356.0	5043168.0
1908	18	303173.0	5042644.0	299701.0	5043381.0
285	22	306928.0	5036648.0	298333.0	5035456.0
551	22	306956.0	5039908.0	294798.0	5039608.0
617	26	308528.0	5049650.0	285423.0	5041974.0
1914	23	309693.0	5050104.0	300898.0	5047580.0
2255	29	316949.0	5042832.0	299299.0	5047812.0
2398	35	316980.0	5041795.0	298823.0	5040197.0
2076	15	303715.0	5040727.0	300967.0	5042446.0
343	46	309904.0	5047101.0	301430.0	5045768.0
891	26	305832.0	5046641.0	300768.0	5042520.0
2757	27	309355.0	5042901.0	299565.0	5040209.0
863	23	307206.0	5042152.0	296245.0	5035583.0
2107	19	306011.0	5045370.0	302774.0	5049767.0
992	32	309504.0	5051447.0	282975.0	5034370.0
1673	29	316983.0	5042906.0	293276.0	5044243.0
2597	26	311946.0	5038637.0	299593.0	5035200.0
516	21	310727.0	5039078.0	299628.0	5040704.0
506	34	310538.0	5037336.0	299864.0	5038185.0
1477	22	306646.0	5044046.0	297026.0	5052715.0
2386	29	310102.0	5049248.0	299676.0	5040409.0
2292	49	306340.0	5041940.0	301947.0	5042425.0
2025	39	311024.0	5039777.0	299485.0	5039870.0
1771	30	312734.0	5040868.0	302701.0	5040607.0
401	27	302843.0	5042709.0	275851.0	5037012.0
938	47	310875.0	5037505.0	290287.0	5041018.0
1747	46	303975.0	5042397.0	281250.0	5037918.0
2672	37	306675.0	5035761.0	298845.0	5039792.0
624	28	307684.0	5042897.0	298881.0	5041758.0
2360	23	306941.0	5048592.0	299176.0	5048892.0
811	29	307902.0	5036529.0	300527.0	5039372.0
681	35	309386.0	5035949.0	296849.0	5047786.0
2628	31	310259.0	5037201.0	299885.0	5042909.0
1613	13	304892.0	5045687.0	300156.0	5041242.0
2465	19	307635.0	5041167.0	295068.0	5049731.0
902	39	304561.0	5045727.0	300147.0	5051742.0
686	21	311900.0	5047418.0	299283.0	5036661.0
1750	26	310735.0	5050590.0	295529.0	5039998.0
1334	21	303925.0	5040994.0	298465.0	5039388.0
1218	49	311185.0	5047995.0	279639.0	5034391.0
279	29	308485.0	5042527.0	299299.0	5040288.0
1945	22	309285.0	5035628.0	277431.0	5039111.0
1991	22	309258.0	5052988.0	301633.0	5048647.0
1236	27	308680.0	5044839.0	299780.0	5052457.0
2518	17	303769.0	5040669.0	299284.0	5039485.0
2210	22	304072.0	5042917.0	295975.0	5046768.0
1898	30	308948.0	5037265.0	298015.0	5038040.0
644	21	303938.0	5040593.0	298456.0	5039419.0
364	21	308365.0	5038340.0	299107.0	5040150.0
1674	30	307113.0	5040348.0	297009.0	5047133.0
1997	22	305433.0	5038069.0	293035.0	5039376.0
597	30	310105.0	5039398.0	299575.0	5040237.0
1975	21	305353.0	5039810.0	300049.0	5041629.0
2554	19	306528.0	5038315.0	292723.0	5045400.0
1297	37	307806.0	5037865.0	299778.0	5039920.0
1006	24	304740.0	5044925.0	299501.0	5039492.0
1998	25	305209.0	5037889.0	299767.0	5040092.0
1882	40	314364.0	5036460.0	301070.0	5042218.0
668	28	309033.0	5039002.0	299405.0	5039691.0
1953	31	305520.0	5043047.0	286366.0	5039067.0
1687	36	311107.0	5048082.0	299497.0	5040219.0
2456	29	304879.0	5042913.0	298101.0	5050171.0
748	21	307376.0	5042169.0	300586.0	5039662.0
2910	36	310515.0	5048751.0	297479.0	5038431.0
2053	33	303648.0	5044045.0	299085.0	5040381.0
410	36	308111.0	5037361.0	299603.0	5041547.0
1213	23	317364.0	5042232.0	292741.0	5043723.0
2959	22	305990.0	5035117.0	299207.0	5040490.0
2376	24	306184.0	5041924.0	299113.0	5044780.0
1397	28	317162.0	5042408.0	290249.0	5043426.0
1127	22	309557.0	5035100.0	301173.0	5042314.0
56	35	307403.0	5037255.0	297875.0	5042281.0
1490	17	308033.0	5047351.0	297744.0	5046171.0
946	29	311244.0	5039761.0	300596.0	5043598.0
1451	65	310841.0	5035087.0	299969.0	5040107.0
430	19	310774.0	5051645.0	301789.0	5047696.0
2898	33	307270.0	5044753.0	300822.0	5036312.0
1513	29	307069.0	5042000.0	299773.0	5039902.0
2232	35	303120.0	5042897.0	299319.0	5048449.0
142	23	307550.0	5036176.0	300162.0	5041700.0
838	23	307355.0	5036441.0	291166.0	5041278.0
1379	19	307924.0	5048444.0	297841.0	5038316.0
2098	28	305164.0	5039391.0	302845.0	5040600.0
286	28	306233.0	5045538.0	300508.0	5043630.0
1298	47	307810.0	5037848.0	294763.0	5038021.0
1893	39	312443.0	5037902.0	285430.0	5035427.0
496	23	309834.0	5038030.0	299169.0	5039805.0
2565	33	309718.0	5050940.0	301032.0	5042298.0
1349	32	306751.0	5041626.0	290385.0	5041463.0
1609	20	308359.0	5035117.0	299106.0	5040323.0
1465	28	311033.0	5038677.0	298320.0	5038992.0
867	27	308529.0	5035230.0	292994.0	5039177.0
1714	36	309279.0	5037451.0	299258.0	5040427.0
2635	42	307978.0	5035022.0	295519.0	5040459.0
1591	34	304375.0	5044918.0	300503.0	5042505.0
1579	33	305639.0	5035963.0	298862.0	5039470.0
2407	27	306341.0	5033664.0	300685.0	5044544.0
1193	29	305057.0	5043096.0	295624.0	5051339.0
821	44	309694.0	5034617.0	298959.0	5035983.0
1095	28	309696.0	5050044.0	300166.0	5040437.0
2990	26	306359.0	5044791.0	280028.0	5033704.0
1417	21	312635.0	5040156.0	293048.0	5034547.0
857	33	304464.0	5043957.0	299434.0	5041175.0
1114	27	305136.0	5040302.0	299795.0	5040100.0
76	33	308053.0	5042572.0	297203.0	5043541.0
1863	23	306460.0	5033251.0	288353.0	5034462.0
1437	27	308188.0	5045532.0	299444.0	5039826.0
1100	32	310124.0	5050709.0	299028.0	5040551.0
1542	22	310756.0	5041958.0	299064.0	5045990.0
2472	31	312231.0	5048246.0	302258.0	5050220.0
175	21	307457.0	5041738.0	297690.0	5034907.0
224	25	306547.0	5046810.0	295221.0	5044864.0
2922	22	307512.0	5034411.0	296620.0	5037492.0
1347	31	314360.0	5040554.0	303300.0	5050606.0
2650	30	308718.0	5049382.0	289088.0	5042135.0
728	30	309584.0	5050303.0	299538.0	5040454.0
341	25	306647.0	5044596.0	294771.0	5034548.0
2151	32	319410.0	5044231.0	296281.0	5042754.0
1255	37	307767.0	5050294.0	276282.0	5039466.0
2015	35	306374.0	5037795.0	284882.0	5035148.0
1154	28	306063.0	5041265.0	300676.0	5046078.0
2463	23	308176.0	5045570.0	299590.0	5039656.0
1388	33	306227.0	5045264.0	296168.0	5033998.0
2664	29	310076.0	5036980.0	298691.0	5039457.0
819	22	307420.0	5034933.0	300248.0	5051788.0
2798	22	307915.0	5043611.0	300953.0	5036080.0
1654	41	311692.0	5040031.0	297518.0	5044552.0
217	24	304431.0	5044515.0	299742.0	5045230.0
2208	35	311299.0	5037859.0	291066.0	5041157.0
1895	30	303979.0	5044204.0	300655.0	5041907.0
530	27	307468.0	5037150.0	293915.0	5033743.0
2694	27	303694.0	5040190.0	300639.0	5045859.0
1046	22	311360.0	5036292.0	298467.0	5052278.0
1063	23	311205.0	5040758.0	303171.0	5048985.0
2254	24	317216.0	5042805.0	299523.0	5047819.0
2393	29	303289.0	5042938.0	299347.0	5040909.0
1409	19	317105.0	5042937.0	301245.0	5045763.0
2234	26	305128.0	5034796.0	300607.0	5041224.0
2455	49	305468.0	5040948.0	299657.0	5040565.0
2058	38	309996.0	5035172.0	298679.0	5039433.0
767	34	306703.0	5045376.0	299306.0	5040089.0
802	17	303620.0	5040575.0	299962.0	5040258.0
2624	23	306668.0	5037204.0	298817.0	5040243.0
1392	30	304704.0	5045755.0	301522.0	5035990.0
1206	55	311969.0	5047364.0	280052.0	5038144.0
2410	32	306153.0	5033657.0	294610.0	5039747.0
2762	21	306238.0	5039203.0	299739.0	5041580.0
2943	22	312504.0	5039502.0	291119.0	5043384.0
2880	23	314310.0	5040495.0	292972.0	5039369.0
51	31	307196.0	5043399.0	299750.0	5040085.0
989	46	306344.0	5043220.0	298884.0	5043559.0
2863	35	303366.0	5043761.0	295801.0	5041152.0
2288	35	311691.0	5050469.0	300226.0	5040164.0
852	20	308483.0	5037863.0	295909.0	5034161.0
1623	29	308068.0	5036244.0	300297.0	5041677.0
238	35	309076.0	5053008.0	301422.0	5045079.0
291	40	305369.0	5033982.0	298775.0	5039910.0
2511	40	307322.0	5034916.0	297076.0	5045624.0
639	37	308884.0	5047745.0	299205.0	5044382.0
703	23	306944.0	5041690.0	299779.0	5042328.0
2294	24	309297.0	5054520.0	291157.0	5041482.0
2885	33	307520.0	5046692.0	294100.0	5045260.0
2069	48	316530.0	5042112.0	301366.0	5039562.0
2895	39	309016.0	5053731.0	298506.0	5048095.0
2884	30	307121.0	5043959.0	300399.0	5043432.0
976	30	312606.0	5040131.0	299318.0	5040812.0
2369	30	306173.0	5034477.0	299004.0	5040633.0
1488	43	310485.0	5033894.0	296925.0	5043720.0
927	31	310442.0	5051772.0	293934.0	5044597.0
1514	63	305842.0	5043500.0	299696.0	5043022.0
2027	27	302984.0	5042894.0	300966.0	5042677.0
1725	40	304817.0	5043632.0	300826.0	5046058.0
92	23	312271.0	5037332.0	300020.0	5040807.0
236	31	309519.0	5036374.0	286498.0	5036892.0
2141	41	306918.0	5034208.0	299078.0	5041334.0
1405	45	307549.0	5032721.0	289110.0	5039847.0
1328	21	312196.0	5047408.0	296931.0	5044504.0
1453	27	307169.0	5035581.0	298469.0	5046463.0
337	38	314960.0	5043958.0	294326.0	5033207.0
2242	29	307465.0	5042263.0	300778.0	5042629.0
1057	41	309573.0	5048674.0	300200.0	5041431.0
358	21	306625.0	5033410.0	298747.0	5040142.0
1939	27	306721.0	5035988.0	300156.0	5041523.0
2592	26	307801.0	5041122.0	299266.0	5035652.0
678	30	312243.0	5040669.0	293765.0	5045770.0
1147	31	309436.0	5041610.0	300053.0	5041457.0
874	21	304370.0	5039685.0	299668.0	5040954.0
947	33	307893.0	5050129.0	299640.0	5041671.0
475	27	312097.0	5039920.0	298865.0	5039623.0
830	26	309082.0	5048558.0	299129.0	5040349.0
1290	31	307604.0	5045052.0	301339.0	5039510.0
378	22	305389.0	5044084.0	293573.0	5035867.0
382	32	309499.0	5044141.0	299398.0	5040492.0
1312	28	306444.0	5041570.0	294796.0	5045521.0
1492	25	307641.0	5036909.0	302687.0	5040568.0
886	27	318272.0	5044852.0	300515.0	5047982.0
2070	27	309129.0	5049629.0	300028.0	5041018.0
60	43	310206.0	5046627.0	304821.0	5059583.0
1644	35	307216.0	5035550.0	297801.0	5039119.0
405	33	306560.0	5037143.0	299703.0	5040992.0
921	18	303200.0	5041847.0	301350.0	5049328.0
2332	25	306524.0	5047863.0	298956.0	5040139.0
880	25	304578.0	5040011.0	297773.0	5038801.0
2206	36	311974.0	5039326.0	298812.0	5050349.0
10	33	313741.0	5037812.0	300800.0	5058667.0
2183	35	306253.0	5036155.0	300407.0	5041595.0
2951	18	316528.0	5042466.0	300732.0	5039002.0
571	31	304564.0	5045496.0	280579.0	5036129.0
129	28	306697.0	5041249.0	304066.0	5049756.0
1996	33	309402.0	5053676.0	299599.0	5037766.0
209	28	303115.0	5042927.0	302925.0	5051135.0
1457	19	304059.0	5044277.0	298294.0	5043942.0
2450	22	304757.0	5044081.0	301685.0	5050005.0
750	33	305105.0	5043673.0	299532.0	5040000.0
2873	54	318365.0	5041712.0	298611.0	5035938.0
404	22	309125.0	5038780.0	298609.0	5040794.0
2218	51	307559.0	5046708.0	302012.0	5044874.0
2032	27	311906.0	5048221.0	291979.0	5040320.0
538	20	306877.0	5036711.0	299298.0	5034359.0
1003	26	310166.0	5051007.0	298968.0	5040665.0
1081	28	308195.0	5040133.0	294169.0	5033609.0
1309	18	304488.0	5042644.0	298881.0	5039997.0
642	23	312223.0	5048161.0	299557.0	5051094.0
1580	38	315714.0	5042307.0	299171.0	5044440.0
1931	23	306927.0	5042337.0	299710.0	5043080.0
1252	32	309099.0	5052580.0	293776.0	5045747.0
804	22	309164.0	5055259.0	299130.0	5040089.0
2487	36	305850.0	5037131.0	300096.0	5041480.0
1370	33	307799.0	5038070.0	302071.0	5048583.0
713	21	307759.0	5049425.0	290738.0	5045458.0
2691	34	307078.0	5034933.0	298807.0	5039320.0
1684	31	312610.0	5039420.0	302114.0	5042320.0
1265	25	307176.0	5047570.0	297445.0	5032505.0
2709	37	306516.0	5047092.0	275038.0	5039193.0
610	31	306027.0	5041812.0	294692.0	5038609.0
1259	27	304627.0	5042346.0	300454.0	5044583.0
2320	26	306239.0	5037470.0	300284.0	5040110.0
2875	28	303950.0	5041622.0	296090.0	5037227.0
2274	46	308845.0	5037101.0	291035.0	5040941.0
2388	45	307098.0	5043989.0	300285.0	5043426.0
242	23	305254.0	5039717.0	289542.0	5038602.0
489	23	309654.0	5050094.0	300684.0	5048185.0
626	25	307121.0	5036859.0	297919.0	5036914.0
240	20	304537.0	5041772.0	290285.0	5032856.0
375	27	305697.0	5037461.0	299584.0	5040492.0
1732	36	308243.0	5033896.0	293636.0	5040466.0
290	38	314681.0	5037166.0	274712.0	5034990.0
1047	35	306155.0	5034591.0	299345.0	5039838.0
1340	23	310510.0	5037485.0	295327.0	5043505.0
1462	29	307483.0	5035421.0	300280.0	5037635.0
1222	22	308013.0	5049631.0	299642.0	5040402.0
2442	35	305334.0	5039316.0	298200.0	5038147.0
1178	37	314597.0	5038378.0	292209.0	5037577.0
786	27	306001.0	5037306.0	300302.0	5041577.0
2139	36	309222.0	5048807.0	300647.0	5046031.0
1628	41	307311.0	5043615.0	300075.0	5041083.0
2975	33	309341.0	5036931.0	299347.0	5039900.0
1302	51	310340.0	5040775.0	298802.0	5039437.0
1101	40	305735.0	5039862.0	299439.0	5041887.0
355	34	304026.0	5043920.0	296763.0	5045216.0
2093	34	317733.0	5043593.0	295443.0	5040283.0
342	21	306486.0	5044629.0	300142.0	5040019.0
1345	19	312732.0	5040242.0	294584.0	5039169.0
592	23	309792.0	5039112.0	281579.0	5038071.0
288	28	308254.0	5036047.0	295845.0	5031428.0
1593	33	305881.0	5047188.0	299494.0	5040650.0
2276	29	305633.0	5044303.0	299892.0	5040729.0
2462	25	308174.0	5045560.0	300658.0	5045684.0
2835	56	302878.0	5042964.0	300130.0	5041586.0
1749	19	309081.0	5038915.0	300473.0	5040911.0
1866	22	307123.0	5039382.0	298638.0	5033306.0
1709	25	308410.0	5039549.0	298793.0	5052933.0
2287	21	307389.0	5036225.0	296563.0	5041432.0
2925	27	303094.0	5043091.0	298874.0	5040319.0
400	39	312934.0	5040702.0	300485.0	5040101.0
1663	33	304569.0	5039183.0	298638.0	5039378.0
1151	46	304356.0	5044234.0	299672.0	5043047.0
1778	27	312371.0	5037735.0	289141.0	5036350.0
2050	34	305172.0	5033418.0	298634.0	5039583.0
2992	28	308017.0	5041522.0	291014.0	5042977.0
1008	26	308378.0	5053737.0	293330.0	5050808.0
1411	26	309160.0	5052040.0	298732.0	5039493.0
2744	31	311689.0	5047871.0	294076.0	5045254.0
1803	23	306161.0	5038084.0	294709.0	5036482.0
1555	34	316988.0	5043629.0	299198.0	5039874.0
1706	34	307922.0	5037863.0	298882.0	5039419.0
1729	19	307732.0	5045902.0	291252.0	5044062.0
64	37	307213.0	5043365.0	297356.0	5044023.0
452	31	306038.0	5041313.0	295347.0	5052007.0
2725	23	306680.0	5036729.0	299849.0	5040919.0
2658	26	304962.0	5045539.0	295043.0	5045172.0
1758	22	308328.0	5037225.0	298903.0	5040316.0
461	24	306718.0	5032825.0	295920.0	5042015.0
1950	46	306167.0	5043202.0	297163.0	5034477.0
1301	36	305805.0	5044428.0	292647.0	5043987.0
1811	20	305968.0	5041631.0	300061.0	5041920.0
937	47	310617.0	5037695.0	285191.0	5035427.0
2740	34	306878.0	5042912.0	300073.0	5048084.0
2878	30	307227.0	5041882.0	291608.0	5046234.0
2920	29	307308.0	5036199.0	298145.0	5038366.0
2892	38	305887.0	5036991.0	299627.0	5040938.0
2431	23	308366.0	5042346.0	293389.0	5047229.0
1173	31	310736.0	5041995.0	301501.0	5049762.0
1336	43	309948.0	5049768.0	299497.0	5040024.0
1615	24	317139.0	5043773.0	298779.0	5043343.0
1686	30	311109.0	5048103.0	298843.0	5039957.0
752	46	304862.0	5043373.0	299087.0	5040581.0
2419	45	308597.0	5042675.0	300162.0	5041932.0
2985	33	309428.0	5033682.0	299782.0	5037830.0
904	23	305869.0	5038334.0	300260.0	5039160.0
1119	26	304117.0	5044428.0	299363.0	5039174.0
1779	36	307586.0	5036133.0	297123.0	5034236.0
871	28	303111.0	5043142.0	299607.0	5040045.0
1596	31	306635.0	5040160.0	293970.0	5045777.0
507	36	306543.0	5036285.0	298670.0	5044607.0
1330	24	312846.0	5038779.0	299537.0	5046313.0
2130	25	309681.0	5051945.0	299261.0	5039714.0
1923	35	309943.0	5037866.0	293927.0	5035409.0
539	27	307496.0	5032617.0	298547.0	5039727.0
2815	53	305815.0	5037089.0	299865.0	5041628.0
1594	28	305854.0	5047184.0	287649.0	5038374.0
900	19	306228.0	5043140.0	300526.0	5040989.0
2327	33	316158.0	5041808.0	299224.0	5040089.0
1990	34	309291.0	5052739.0	299543.0	5039741.0
2941	39	310728.0	5039480.0	302289.0	5051393.0
1205	56	312235.0	5047153.0	280260.0	5038400.0
2708	19	303860.0	5043552.0	299216.0	5040426.0
2228	25	306510.0	5044129.0	272070.0	5031351.0
340	24	306687.0	5044862.0	299951.0	5040226.0
2510	21	305477.0	5038619.0	300447.0	5040689.0
1822	31	311085.0	5040803.0	300841.0	5042400.0
2703	30	304748.0	5044029.0	299930.0	5041825.0
122	33	306614.0	5044305.0	298797.0	5041493.0
2753	42	309683.0	5049197.0	304207.0	5057660.0
2548	32	310338.0	5042485.0	301638.0	5049677.0
1091	27	308661.0	5039129.0	294323.0	5032238.0
2347	34	308696.0	5038443.0	300072.0	5041658.0
1823	26	311248.0	5040802.0	300592.0	5042576.0
1104	43	308307.0	5041130.0	299223.0	5040424.0
1296	31	305210.0	5045455.0	299920.0	5039972.0
663	36	308169.0	5039318.0	302473.0	5049269.0
2646	46	308552.0	5042308.0	300278.0	5041363.0
2101	29	305080.0	5041504.0	298310.0	5038689.0
1262	28	314498.0	5036571.0	298231.0	5039084.0
2082	30	303815.0	5044041.0	303411.0	5052090.0
2168	35	303321.0	5040464.0	302826.0	5040769.0
1917	27	307958.0	5044372.0	299024.0	5034884.0
1537	20	306416.0	5042341.0	301999.0	5050629.0
1763	27	311747.0	5040340.0	300447.0	5041593.0
1232	44	318264.0	5044860.0	298491.0	5046535.0
568	55	304001.0	5043649.0	299123.0	5040320.0
260	20	305121.0	5043727.0	301441.0	5039881.0
1595	26	307705.0	5041371.0	299138.0	5040359.0
512	28	309378.0	5041588.0	292494.0	5040588.0
2509	41	303459.0	5041092.0	298473.0	5046541.0
660	33	306922.0	5035540.0	299701.0	5039733.0
1250	35	308353.0	5038473.0	299417.0	5039537.0
1503	25	304454.0	5044598.0	293220.0	5047183.0
1455	37	312288.0	5039577.0	299408.0	5040163.0
292	34	305432.0	5034150.0	298191.0	5038850.0
2171	33	305828.0	5047428.0	295105.0	5042717.0
1561	25	308193.0	5031935.0	302406.0	5051310.0
849	40	304742.0	5045429.0	294448.0	5050852.0
1630	26	315820.0	5044688.0	300237.0	5041350.0
926	35	305799.0	5040269.0	297360.0	5054427.0
2803	29	308343.0	5049433.0	299179.0	5040511.0
1581	36	315712.0	5042296.0	299250.0	5044263.0
2954	35	312963.0	5039331.0	300908.0	5049502.0
1056	33	316782.0	5044059.0	299900.0	5041202.0
570	33	308380.0	5048629.0	286749.0	5033773.0
756	32	318473.0	5042637.0	300469.0	5046176.0
932	31	304707.0	5039333.0	296343.0	5044383.0
1768	22	307233.0	5041586.0	299519.0	5040024.0
671	23	303639.0	5040980.0	298594.0	5046288.0
6	42	305143.0	5039872.0	297357.0	5042193.0
1198	35	308438.0	5034165.0	299810.0	5039936.0
939	30	310591.0	5037625.0	296785.0	5035029.0
734	19	316507.0	5042539.0	303493.0	5048706.0
1796	35	307167.0	5035910.0	298546.0	5041954.0
1474	25	305311.0	5040652.0	301460.0	5052259.0
815	28	310228.0	5039794.0	299599.0	5041538.0
447	29	307768.0	5033432.0	299619.0	5041138.0
1978	37	307894.0	5036389.0	299905.0	5040735.0
1890	31	320035.0	5044481.0	298887.0	5040387.0
2265	21	306934.0	5037225.0	300908.0	5035955.0
1559	28	309923.0	5047089.0	294953.0	5045939.0
662	23	306428.0	5043978.0	294814.0	5045524.0
581	30	308613.0	5034562.0	299344.0	5040544.0
2031	20	306959.0	5038684.0	296556.0	5036728.0
2244	38	304357.0	5044391.0	295814.0	5039295.0
268	35	306460.0	5035503.0	295185.0	5035628.0
1160	35	306678.0	5037194.0	294443.0	5038386.0
2220	23	307768.0	5050529.0	301005.0	5046504.0
2983	56	306721.0	5046986.0	296092.0	5034160.0
1791	29	305602.0	5035466.0	295547.0	5040346.0
2377	22	312067.0	5050327.0	303011.0	5047762.0
204	31	306988.0	5039308.0	299990.0	5043081.0
942	39	307567.0	5045949.0	298955.0	5040499.0
2749	22	306193.0	5033488.0	299863.0	5040021.0
2137	38	307547.0	5032774.0	300018.0	5040242.0
2233	23	305155.0	5034814.0	285151.0	5035607.0
2370	28	305722.0	5034945.0	299000.0	5040402.0
935	25	304424.0	5043003.0	289450.0	5041512.0
2	15	305150.0	5040042.0	294936.0	5039379.0
2874	22	304298.0	5044656.0	298934.0	5038433.0
2807	18	305737.0	5038991.0	298058.0	5045207.0
271	26	308096.0	5044356.0	298765.0	5045396.0
1989	25	309478.0	5033478.0	305295.0	5059000.0
326	36	308736.0	5037548.0	298114.0	5042491.0
2323	21	307893.0	5040109.0	303091.0	5039315.0
1717	24	308028.0	5043519.0	299898.0	5042834.0
1636	43	305400.0	5041285.0	298488.0	5042891.0
2453	30	303125.0	5041954.0	294554.0	5031254.0
1616	26	312025.0	5048192.0	300371.0	5046111.0
762	22	314139.0	5040488.0	290607.0	5039782.0
2602	24	306013.0	5039201.0	299785.0	5039998.0
2541	29	309475.0	5043469.0	294850.0	5038086.0
812	19	308226.0	5035845.0	302683.0	5040539.0
1443	26	307092.0	5038840.0	299363.0	5035164.0
2002	21	306198.0	5040429.0	294864.0	5047827.0
1182	19	307106.0	5038596.0	297148.0	5048058.0
2837	48	302895.0	5042978.0	299687.0	5040316.0
195	27	308835.0	5047965.0	301074.0	5050624.0
3	15	303566.0	5040277.0	294937.0	5039346.0
438	27	303438.0	5040299.0	303549.0	5050133.0
2700	22	305979.0	5045239.0	302701.0	5040735.0
2793	34	304330.0	5044297.0	298505.0	5039830.0
1977	32	306219.0	5046254.0	297708.0	5039729.0
464	23	306512.0	5037851.0	298199.0	5037977.0
1064	26	305847.0	5043519.0	299669.0	5040951.0
912	28	310238.0	5038675.0	296018.0	5047856.0
2629	35	312123.0	5039307.0	297544.0	5032351.0
17	33	305659.0	5042665.0	298424.0	5047592.0
2364	37	308190.0	5038823.0	291047.0	5044706.0
2669	34	314388.0	5040753.0	298921.0	5050026.0
865	31	309413.0	5037096.0	299732.0	5035915.0
1278	52	305300.0	5044415.0	300280.0	5043453.0
979	16	305179.0	5038688.0	300259.0	5041635.0
146	19	303407.0	5042092.0	299905.0	5040773.0
469	25	312572.0	5037590.0	298522.0	5033554.0
785	27	304626.0	5043082.0	298816.0	5044145.0
183	19	306503.0	5033668.0	299764.0	5043333.0
1251	34	308376.0	5038394.0	300637.0	5041627.0
2537	45	308935.0	5054224.0	300168.0	5040255.0
2020	31	306893.0	5038607.0	296801.0	5037978.0
753	62	304886.0	5043383.0	300234.0	5040530.0
1672	21	303337.0	5041750.0	293081.0	5044037.0
281	18	305579.0	5044314.0	299094.0	5040594.0
784	42	308297.0	5035854.0	292481.0	5031773.0
273	35	308279.0	5043877.0	294778.0	5051651.0
293	49	305372.0	5034115.0	298724.0	5039872.0
141	44	307443.0	5041306.0	300365.0	5041517.0
1087	24	309144.0	5045180.0	300561.0	5039858.0
18	33	304675.0	5037506.0	299450.0	5040667.0
2866	25	308053.0	5042257.0	295570.0	5053492.0
2335	54	305409.0	5042991.0	299561.0	5040927.0
720	22	306753.0	5045267.0	299398.0	5040317.0
437	30	309297.0	5042830.0	300234.0	5041475.0
311	29	310073.0	5049666.0	299831.0	5040760.0
844	20	306845.0	5041092.0	291928.0	5033985.0
907	38	303654.0	5043359.0	300913.0	5044381.0
1899	39	309149.0	5037200.0	298121.0	5038768.0
178	23	303824.0	5041502.0	295289.0	5040041.0
206	29	303663.0	5043035.0	297117.0	5044029.0
2986	39	309647.0	5033520.0	300069.0	5038024.0
2406	31	306206.0	5033476.0	298597.0	5039542.0
1289	25	309678.0	5048194.0	303039.0	5047369.0
1665	30	308395.0	5049341.0	298448.0	5046514.0
1144	21	308938.0	5036955.0	291024.0	5044792.0
2683	36	306323.0	5047325.0	299675.0	5040788.0
1986	36	306666.0	5035726.0	300644.0	5042010.0
508	34	311730.0	5036734.0	300441.0	5038453.0
1214	33	317321.0	5042049.0	292714.0	5043556.0
2430	26	314360.0	5036246.0	299933.0	5041582.0
2476	35	308828.0	5038155.0	282931.0	5034326.0
584	33	306510.0	5034097.0	299661.0	5040477.0
55	26	305213.0	5046178.0	296915.0	5047900.0
2888	36	310172.0	5050690.0	298034.0	5039982.0
2593	25	304450.0	5045066.0	297313.0	5051123.0
1061	32	306080.0	5034077.0	298568.0	5039789.0
1044	47	307274.0	5035664.0	299202.0	5040003.0
2539	28	309065.0	5034269.0	299284.0	5040741.0
803	26	309252.0	5055236.0	300398.0	5044340.0
2899	18	316239.0	5044543.0	300391.0	5045419.0
112	27	304980.0	5041043.0	299244.0	5040392.0
1876	28	306188.0	5043956.0	299782.0	5043798.0
2614	23	306991.0	5039776.0	294236.0	5043339.0
791	38	312803.0	5037640.0	299750.0	5039524.0
2918	22	308416.0	5040983.0	300137.0	5041619.0
1743	43	307801.0	5032284.0	298495.0	5044030.0
1705	22	302983.0	5042715.0	295303.0	5044102.0
2269	47	304013.0	5041410.0	295553.0	5040361.0
1762	26	312482.0	5038249.0	295679.0	5040282.0
1662	42	304602.0	5039124.0	299088.0	5040275.0
2375	38	307545.0	5033783.0	294933.0	5044722.0
2717	29	309125.0	5036765.0	290407.0	5038934.0
793	30	312525.0	5039510.0	298907.0	5040283.0
862	20	307159.0	5042220.0	300339.0	5040566.0
749	36	313715.0	5036166.0	299338.0	5040072.0
1853	35	315195.0	5044310.0	286153.0	5033483.0
2146	18	303983.0	5041587.0	300027.0	5041677.0
2135	37	307523.0	5032599.0	298733.0	5039615.0
1761	30	308122.0	5040100.0	300542.0	5053102.0
139	44	306249.0	5043410.0	295698.0	5040476.0
29	44	309284.0	5044419.0	295304.0	5040536.0
2799	38	309316.0	5037162.0	285445.0	5039090.0
442	26	306076.0	5042432.0	299032.0	5042293.0
82	32	312344.0	5038315.0	287974.0	5036607.0
1775	30	307138.0	5038267.0	292439.0	5032177.0
1608	24	312725.0	5038431.0	299524.0	5040033.0
1464	28	311071.0	5038519.0	286983.0	5037441.0
587	19	311980.0	5039375.0	296913.0	5054863.0
2457	23	303899.0	5040772.0	300276.0	5041667.0
851	23	308555.0	5037719.0	295984.0	5034213.0
868	29	309014.0	5036080.0	300001.0	5040668.0
2014	34	306053.0	5037107.0	300920.0	5047739.0
2545	24	312591.0	5039515.0	298423.0	5046087.0
1833	24	310751.0	5037535.0	285367.0	5039476.0
2505	26	313709.0	5037575.0	296227.0	5050221.0
2630	37	312601.0	5039750.0	297413.0	5042467.0
2810	35	303396.0	5040395.0	295831.0	5040396.0
1733	35	305397.0	5044101.0	296689.0	5043877.0
1851	29	308820.0	5039881.0	302966.0	5050170.0
2997	30	308118.0	5038700.0	298608.0	5040435.0
670	38	310054.0	5049253.0	299643.0	5051093.0
801	18	303468.0	5040379.0	294810.0	5039769.0
136	41	303996.0	5040111.0	300401.0	5041828.0
636	28	311432.0	5039886.0	299892.0	5041834.0
1650	36	307183.0	5046561.0	301681.0	5046481.0
1323	36	311929.0	5049348.0	288764.0	5035815.0
1938	28	314935.0	5036956.0	299985.0	5040750.0
501	30	313705.0	5036126.0	291275.0	5039815.0
177	42	303398.0	5042434.0	298217.0	5046018.0
890	29	306082.0	5046854.0	300798.0	5042463.0
1727	31	306687.0	5033772.0	297836.0	5038897.0
929	35	305243.0	5034699.0	294834.0	5042614.0
113	19	304045.0	5040307.0	295178.0	5035674.0
634	36	306033.0	5045379.0	298890.0	5039965.0
2904	31	303783.0	5039894.0	298919.0	5039484.0
245	26	306985.0	5037619.0	297866.0	5038928.0
1576	20	309282.0	5049023.0	299740.0	5041525.0
1994	22	311093.0	5037787.0	298936.0	5039914.0
1974	20	305349.0	5039857.0	301161.0	5042884.0
1230	31	307369.0	5038092.0	299527.0	5041032.0
12	22	311362.0	5039951.0	298861.0	5041714.0
168	38	305703.0	5039999.0	298682.0	5042052.0
1765	26	306854.0	5037994.0	299484.0	5040679.0
1399	14	304039.0	5040463.0	296483.0	5051664.0
2804	57	303298.0	5043107.0	299379.0	5040217.0
2538	59	305559.0	5037128.0	296171.0	5051105.0
1434	27	307148.0	5038159.0	300111.0	5041645.0
1423	47	303579.0	5039474.0	298451.0	5039298.0
1216	35	307434.0	5037266.0	298504.0	5038270.0
2886	43	304632.0	5037872.0	299484.0	5040949.0
2517	26	307095.0	5034029.0	299032.0	5040193.0
171	28	306972.0	5036557.0	299754.0	5039907.0
1343	32	303316.0	5043633.0	292892.0	5047216.0
2187	19	309988.0	5037017.0	299978.0	5040775.0
2676	32	311307.0	5036629.0	295641.0	5033391.0
800	26	306208.0	5047086.0	300981.0	5040229.0
2117	33	310591.0	5038207.0	288994.0	5038153.0
2564	20	309192.0	5053090.0	303761.0	5056778.0
751	33	313882.0	5036031.0	299343.0	5040203.0
2966	40	309459.0	5051959.0	299468.0	5040074.0
