0	1	287262.9649021576	5045788.764361074	297789.86702574434	5041474.680547306
1	1	305154.1082767845	5042535.52185468	297687.82266377285	5052988.71600287
2	1	287255.12345516135	5045804.360088548	295717.63679448183	5050444.989831385
3	1	305168.9966593811	5042526.9457322145	298148.94201394205	5049859.063006198
4	1	287251.6388999715	5045795.975254315	293448.23990183073	5047613.407442095
5	1	305163.07687423215	5042527.459068441	289744.8834970332	5041643.767490817
6	1	287270.5154760844	5045790.813700994	300795.03855178726	5045944.571755386
7	1	305160.6309388343	5042534.632465172	298160.99687601894	5044500.364414324
8	1	287275.31298519584	5045790.2206594255	302936.60581412225	5053937.696275831
9	1	305158.0072124303	5042539.0144248605	300195.78031740256	5052282.706248165
10	1	287265.8447260655	5045817.338056023	300646.480242222	5053163.243040357
11	1	305163.61409431614	5042530.947336896	295912.0127563797	5044968.210132535
12	1	287249.47963606234	5045796.532343228	300671.84839158296	5053045.630828237
13	1	305170.60745411424	5042529.597242999	293782.49156033597	5037393.050032601
14	1	287258.0974680023	5045802.459108176	299747.37148689816	5049229.3767447295
15	1	305147.6231882659	5042542.317674618	291701.9223285131	5038078.592884767
16	1	287251.8451270633	5045795.027370153	296201.1877718687	5038112.152640293
17	1	305159.99810698995	5042523.16560331	294481.31192320574	5036977.622083748
18	1	287255.1446036226	5045817.252531171	296319.58221693826	5041452.32514112
19	1	305139.7128547945	5042540.011429294	297766.84761167265	5042823.494231693
20	1	287246.88336184755	5045793.56274256	296192.16419926874	5039849.506653315
21	1	305150.0363613251	5042519.708618782	296475.24931570253	5038804.4087351225
22	1	287258.29819448985	5045803.434991781	294483.8915233274	5045787.173746712
23	1	305141.7187960427	5042531.393635364	299427.37942331977	5054114.318754815
24	1	287250.333532518	5045794.818399111	295435.2387477495	5049639.313843711
25	1	305173.74282461766	5042545.588459852	292964.2901146384	5046286.50665583
26	1	287238.2622545654	5045789.359604559	300332.45715112024	5047206.708030765
27	1	305143.51961237687	5042523.299636603	291344.9076328261	5041651.3962015025
28	1	287267.4168498487	5045787.553487956	297868.3273304325	5052271.732261908
29	1	305182.8237975824	5042533.122334169	300014.47306198097	5048454.760487582
30	1	287259.9059492141	5045794.892515774	297950.3782151948	5054645.553068799
31	1	305135.2500953179	5042549.743353327	298814.05928616493	5051151.237030702
32	1	287255.5606604053	5045803.965542264	292898.96148706437	5037401.981144024
33	1	305150.1339913437	5042539.357606431	295836.54923482816	5047351.667678176
34	1	287241.6166595013	5045819.698342648	291988.57648981165	5042069.14668421
35	1	305144.54981685133	5042527.309578482	295255.6218846552	5052172.266766805
36	1	287254.67228794895	5045806.045305794	290718.4030376956	5043111.056756108
37	1	305176.2927268639	5042558.360232088	294809.2807433056	5037511.922977688
38	1	287235.98301255907	5045786.854662209	293223.52305081236	5041422.60934784
39	1	305143.87883785344	5042542.550887895	297570.0583904266	5054736.863130929
40	1	287247.86431467975	5045808.738822621	294879.8922990377	5047431.215089369
41	1	305166.38933118246	5042548.065371033	289924.91081713355	5039725.314461606
42	1	287251.84327706817	5045785.604729882	295439.3858434091	5044104.829148609
43	1	305171.2732371732	5042520.559848491	297648.13768811803	5042390.892623425
44	1	287256.0	5045803.171779897	299178.29540277645	5041348.476774736
45	1	305137.121190734	5042549.538853113	301825.1385112904	5053012.6039429745
46	1	287257.3198535027	5045807.316441762	298198.73324506194	5045006.894936026
47	1	305159.813212695	5042519.383986106	295730.98281780106	5040328.669616637
48	1	287261.0897941262	5045793.534968615	294219.7227352658	5037798.027861478
49	1	305172.4128591884	5042523.13224028	292977.96827345365	5044930.330706651
50	1	287232.1836848502	5045814.231286194	295765.67245879496	5039900.5332011
51	1	305140.8171205716	5042546.861624554	298943.2311643093	5050359.978577799
52	1	287262.705162583	5045816.64537936	295720.8943429317	5048114.7594622355
53	1	305167.9314211354	5042533.687543675	294200.83232507476	5050493.394594277
54	1	287265.69403991837	5045798.43931021	298235.53717374697	5043218.8145548245
55	1	305178.313712596	5042522.136800974	298763.89375135594	5044200.719954714
56	1	287261.6512171918	5045802.1897299355	295326.11514370574	5042494.454293563
57	1	305129.3585144984	5042552.760990335	297498.61349593266	5041041.242789363
58	1	287236.0814530979	5045774.441937464	294720.881211806	5046939.995338562
59	1	305164.97812094114	5042523.125711014	292455.85062772274	5044563.581673276
60	1	287238.6361922411	5045818.363807759	295230.44141133863	5045151.176605457
61	1	305163.5635237332	5042537.4663664345	300662.72873571154	5051487.4781553
62	1	287251.38980958983	5045821.067887668	297692.82021126605	5039904.057198648
63	1	305157.7643724712	5042534.230092012	296641.88340774196	5047893.144095788
64	1	287244.09211057605	5045781.862320568	298347.40975864534	5043200.414139156
65	1	305144.0645565375	5042526.048417403	289887.53380958847	5042703.617513379
66	1	287254.6676338602	5045795.47068052	301491.1562391352	5050078.644966776
67	1	305155.55128335906	5042541.730749614	295466.29054842365	5049386.040921549
68	1	287260.4164548733	5045798.189528717	295588.8440425853	5037829.928144752
69	1	305149.6260978653	5042538.364003904	294368.6108904279	5050714.612478842
70	1	287252.41775726643	5045779.805063826	302421.25022614753	5053934.862421845
71	1	305174.5412038397	5042514.630790148	288916.6670060964	5041267.2935336605
72	1	287229.64667695254	5045811.595665967	292079.5364316556	5046933.599814249
73	1	305143.0172526056	5042536.10023283	296898.95665532723	5051602.662551545
74	1	287231.9256248339	5045805.263170603	289656.48166818696	5039291.11260544
75	1	305162.3962122819	5042511.280712788	291313.5090363117	5037852.031718858
76	1	287264.8616005433	5045821.215526239	294385.8483852518	5046606.862453321
77	1	305173.58478183276	5042520.191762667	296368.2565699908	5048330.4029568555
78	1	287254.3018396013	5045819.042954236	298537.9984102438	5051048.305265591
79	1	305143.0166303318	5042529.166891888	297419.01655763545	5052846.900108618
80	1	287269.1686352941	5045806.309933586	290917.547699645	5040189.298541358
81	1	305146.16675879364	5042519.356207171	299093.0977336339	5048560.257293759
82	1	287262.4686926041	5045808.35078705	292151.77119006345	5045459.53528798
83	1	305146.2712349013	5042537.289121199	297644.5737091363	5049476.246577662
84	1	287245.4121818821	5045812.423698496	301718.61023713194	5051936.359581283
85	1	305165.9438052538	5042544.486618806	292485.52757780906	5047231.377398156
86	1	287268.8491217896	5045808.608032638	295213.7692717664	5038634.72713691
87	1	305173.371789966	5042550.774383992	301624.01867913816	5049001.538977606
88	1	287262.7052149411	5045803.836821706	296745.4736682431	5051836.494484807
89	1	305149.035706527	5042544.451541142	298804.43582286354	5053113.409407015
90	1	287268.8419662006	5045800.63308668	289657.6542052169	5042951.8274293095
91	1	305154.3090488592	5042534.375083274	289864.35928771156	5038524.225479848
92	1	287284.01928382425	5045822.086677517	298111.85688132985	5051246.763829414
93	1	305138.43835687137	5042543.97170899	300572.7220222783	5053292.559425177
94	1	287257.15588193736	5045818.33822906	300551.3344104361	5045032.404110223
95	1	305162.1167520264	5042535.247141496	297252.5688548984	5050061.545143384
96	1	287234.5583863666	5045790.9939136375	297054.5093798609	5053045.388152063
97	1	305160.48479927157	5042517.645776732	298098.7059550476	5037923.002290434
98	1	287236.36300546397	5045815.2814505715	300238.9161869725	5048927.918722084
99	1	305143.1075773599	5042538.625993867	295239.02944644203	5040385.829168753
100	1	287276.2102009949	5045815.721010601	290421.1089392406	5040693.770669413
101	1	305156.9036717466	5042530.843109965	295879.87084256986	5046268.796911065
102	1	287265.9943235644	5045816.176565412	299777.6184992531	5048333.220630268
103	1	305161.32887301024	5042532.969953139	298784.852443295	5051144.928556426
104	1	287248.38847566413	5045794.931352219	296137.886026202	5041113.037417837
105	1	305134.10440825473	5042552.029904691	300097.6706787682	5053600.5696395505
106	1	287257.6907326889	5045796.688631644	298102.7647842351	5043029.980630705
107	1	305151.35530509346	5042537.056936316	294227.4846277175	5046569.074832838
108	1	287269.76671056496	5045786.249952966	300235.3376712101	5052013.312320683
109	1	305160.73996597575	5042549.219897928	299708.32700301637	5054241.458603373
110	1	287252.33800799475	5045798.6197051965	295019.9889271715	5046680.9428226715
111	1	305144.14902967465	5042541.331340311	299898.37703872664	5053880.713460593
112	1	287237.6932758645	5045811.796273208	292702.3891803178	5037374.293825101
113	1	305184.1216786328	5042522.5336888535	297887.31397778064	5041750.672564567
114	1	287242.7942027033	5045803.319937363	298569.2651707907	5042577.690534969
115	1	305165.83612007333	5042557.482560168	297903.167582705	5048860.744478648
116	1	287272.5763268397	5045828.627211399	299926.0989531421	5052885.015996228
117	1	305154.086805074	5042533.596990388	297548.75190636324	5041703.459716123
118	1	287256.8691563983	5045800.248297169	297802.9491234802	5048214.5332304025
119	1	305150.4809197392	5042540.864022777	294220.3200479226	5040824.18335794
120	1	287274.5318617265	5045802.663115796	299172.15916979586	5051368.19826544
121	1	305145.0339056187	5042547.336856179	296052.5858687188	5051007.394593138
122	1	287276.9235170849	5045793.220743648	292198.2139919267	5043327.810773476
123	1	305172.14709739684	5042538.324402405	293513.67932769767	5047845.4689965835
124	1	287246.6782058306	5045777.317604003	296154.94460894674	5050811.5902129095
125	1	305139.32660775667	5042523.299373864	293062.1014748409	5046063.411909848
126	1	287237.01433416945	5045800.400452658	301538.4220801728	5050831.0825168835
127	1	305167.9397534531	5042519.5868637245	290794.87611044635	5041705.289598248
128	1	287260.91809940554	5045800.125671217	295975.4429338046	5046959.378712736
129	1	305160.72465133376	5042514.360733647	296367.2311876097	5047691.3329693135
130	1	287258.6831991414	5045794.627402039	294536.30324729683	5043229.447302784
131	1	305153.9662396196	5042522.119517591	290180.8600848549	5043994.485081523
132	1	287243.309449784	5045794.547177856	300407.54455249506	5051893.748681923
133	1	305143.2342112595	5042538.414106291	293814.60955794837	5048391.011256287
134	1	287236.5213113037	5045779.055654507	298968.9459677341	5050920.657546206
135	1	305166.973108682	5042541.309537492	293823.53586384276	5046485.474693714
136	1	287276.81641500106	5045812.175128053	302128.61558205495	5053314.487983533
137	1	305154.15237142524	5042542.595806363	297362.20595680876	5045164.003148594
138	1	287262.40287386655	5045824.106023083	295807.7896270296	5049069.386416234
139	1	305153.46371839894	5042508.509947723	298440.6195585535	5051726.345243113
140	1	287261.5208331546	5045781.282738733	292416.3558471784	5045264.55199379
141	1	305170.02240741585	5042536.6923595155	299426.700424942	5054304.286541998
142	1	287249.19066924555	5045791.526148516	296252.3961672455	5044412.593960925
143	1	305158.39574876765	5042520.891701702	303347.29247915896	5052494.6708895005
144	1	287259.7669801881	5045799.53506326	302770.5148267919	5050584.655451186
145	1	305149.82631742576	5042539.986435926	298614.00373257656	5042790.35964065
146	1	287261.68676486734	5045807.950490394	297842.9356722843	5048630.315306232
147	1	305156.69531377015	5042532.450516176	297467.86845211056	5039330.473458409
148	1	287274.8036452752	5045792.16455222	296832.1630887996	5047526.887259244
149	1	305147.2149865664	5042543.695370439	293389.5289977127	5045706.105120951
150	1	287236.2188290277	5045810.112674268	299346.1662573147	5048108.466127283
151	1	305161.82020004356	5042531.944394977	297419.7367400561	5051070.903626698
152	1	287254.7790999178	5045785.86083898	290617.30110159755	5042921.081529904
153	1	305166.1870175574	5042513.127874068	299427.5582927323	5050121.814277653
154	1	287275.42926567467	5045784.5446015205	298839.7274279762	5043490.12895898
155	1	305152.5014720764	5042520.072947526	300344.256240722	5043557.441215166
156	1	287258.7155194949	5045803.068967234	296306.8743752286	5040692.02187455
157	1	305150.0138519612	5042556.284081915	300158.11378998565	5049149.520668429
158	1	287238.05122834584	5045812.467270779	289724.04076261097	5038680.404719195
159	1	305162.54508507496	5042528.119269537	290434.84256339865	5044102.4156119125
160	1	287270.32881024975	5045791.925086842	297485.7965382718	5053133.604861634
161	1	305154.7111910624	5042545.095670011	290954.3491467137	5042948.785544124
162	1	287260.79279539245	5045803.819291407	297258.59044935345	5047317.074889937
163	1	305144.89780352113	5042547.089058388	300593.9694987267	5047240.06727893
164	1	287270.932109168	5045791.614102809	296784.52056274336	5052984.103087421
165	1	305149.48719254223	5042536.803546681	295958.07079341204	5051053.401913645
166	1	287255.246589324	5045816.068213521	293791.9390185695	5044008.533525543
167	1	305135.99538190017	5042534.710077998	298866.0020784425	5039481.907645091
168	1	287242.10640053736	5045812.258606461	294870.07689338736	5048676.622081475
169	1	305153.54365835374	5042530.087316708	296135.9353433623	5040994.9499305375
170	1	287254.73999303166	5045783.10790105	296914.10016384494	5035613.841918656
171	1	305178.7343162726	5042544.143148935	294081.3022382324	5045974.18952214
172	1	287272.5590248613	5045815.193449881	291507.0394592258	5045096.370689653
173	1	305166.3194773203	5042544.381343018	299051.7305581176	5047113.244658717
174	1	287240.0480658487	5045803.492489711	301243.0088015846	5051423.253990193
175	1	305154.9362564542	5042529.584578312	289512.8351194303	5042824.939317859
176	1	287265.00951374404	5045820.472174866	296246.87950065127	5043403.578290433
177	1	305135.45521244087	5042543.606600193	294788.5584389467	5045551.912300971
178	1	287243.7393395897	5045799.248477085	294026.95434858656	5044305.787083452
179	1	305171.878583917	5042545.585722611	290043.4673237401	5043057.028338535
180	1	287249.8747954949	5045784.66612132	296145.7100355579	5041357.814010849
181	1	305162.35997005895	5042516.498268919	301509.8353234245	5052866.47132108
182	1	287275.97188265796	5045811.346878967	297487.5752438783	5048858.98188423
183	1	305171.82553284947	5042520.977375956	291751.0414858082	5038932.830458261
184	1	287276.3316402353	5045804.765118562	293422.9101340191	5038091.451175891
185	1	305171.43452082627	5042550.710137269	297047.75886429433	5035374.968028432
186	1	287258.70780890324	5045819.121490353	300422.4425309981	5053200.853189033
187	1	305131.9117899508	5042537.056310614	293253.24821942596	5038598.753842782
188	1	287240.30531537655	5045778.78598484	300762.4399326036	5052563.809273793
189	1	305149.3294423341	5042515.2265612045	300944.0536075536	5049478.245484901
190	1	287260.83573378494	5045800.490975391	297767.2717333395	5052528.3274695715
191	1	305153.25988090946	5042562.127178997	300947.0298981762	5051734.949833436
192	1	287262.29123841866	5045804.403456849	292518.6777003852	5046375.350653229
193	1	305175.40926452575	5042513.763981166	299520.05352227204	5052623.643582028
194	1	287258.5681596264	5045796.248904691	292830.2029681146	5044652.496368948
195	1	305142.6267951556	5042538.647237685	294072.9646705849	5038815.485985583
196	1	287264.59462230955	5045798.886568285	290782.538765981	5038274.750966243
197	1	305160.44533786183	5042513.366022406	293069.92361832934	5041388.62065026
198	1	287242.79362813674	5045788.4887003405	297715.2399466602	5050747.581428817
199	1	305129.44547887484	5042511.909112065	295960.8326906509	5044072.165017384
200	1	287235.27443270094	5045787.601653463	292570.9481064728	5046613.561253119
201	1	305170.8262558805	5042545.243594972	298791.154226592	5052094.279229977
202	1	287262.39243173064	5045774.268012763	293034.4816282395	5048128.369304805
203	1	305148.03826492175	5042508.726274242	297245.80060215463	5048976.0938581955
204	1	287265.3846844106	5045802.443797601	295195.2321399724	5048020.047327628
205	1	305163.79039301455	5042539.885500704	296943.6758425429	5045530.4613179695
206	1	287257.80649380456	5045798.321405738	297132.3273149953	5052894.921437286
207	1	305158.9970507508	5042540.307277371	297964.78079113737	5050310.3144705305
208	1	287268.4883383777	5045806.392691572	300521.2381619307	5052411.45219929
209	1	305146.7327444998	5042513.817701714	295781.76361960237	5038619.981108615
210	1	287255.3823414289	5045817.059122849	297037.9025192458	5048463.177572495
211	1	305160.8751553867	5042537.880773637	291874.3518524625	5041781.964718289
212	1	287250.6512093653	5045806.128977321	294656.3121629856	5047124.31953041
213	1	305169.51875845506	5042541.526297186	301399.9640612106	5051323.525396593
214	1	287262.2635884141	5045800.82356089	295700.1834400195	5044627.637643655
215	1	305168.0471917807	5042521.927515302	293215.16634216724	5047701.872536304
216	1	287257.7368467005	5045789.536811776	292689.2087989257	5037964.6287551755
217	1	305156.33004635473	5042534.779969097	295805.23918729916	5039653.395035138
218	1	287234.028796248	5045811.313014006	292443.56984988676	5040054.961971665
219	1	305155.63854393474	5042531.475803364	292157.3871395673	5040374.244094214
220	1	287266.92558551923	5045816.174424333	299843.0800735441	5051906.913873196
221	1	305173.1907003472	5042514.466663474	293093.43337302323	5044083.721480144
222	1	287269.8683146601	5045802.246590082	301215.2167294074	5050490.307144404
223	1	305133.09767465707	5042557.902325343	303205.46031755785	5051820.704019402
224	1	287249.6265122829	5045785.656418459	295596.85795449134	5037341.739815084
225	1	305140.5469292763	5042512.117568351	294826.7015444067	5046463.413242992
226	1	287262.7330810323	5045793.442460066	301267.3081474832	5053561.090997627
227	1	305153.6588890707	5042534.773440878	296535.86148005724	5038149.482452788
228	1	287246.80238434894	5045806.255780372	290058.35886575445	5039364.470215542
229	1	305161.9945845437	5042534.385170816	300132.49925389775	5051365.790382403
230	1	287251.5355003889	5045804.869232996	296467.9492985628	5048356.603154582
231	1	305171.26892488066	5042536.299482969	298101.5389730817	5051397.602795755
232	1	287241.90801087866	5045812.986289597	293660.92449700204	5045391.785772363
233	1	305161.09371796495	5042528.852409353	293884.2982636728	5043117.947620504
234	1	287243.75810718915	5045810.594997068	297907.379218078	5050593.966006255
235	1	305132.04824053263	5042527.367021708	296825.1359047726	5053859.177800821
236	1	287271.2214170296	5045811.8953300845	299926.9955907003	5048418.019148047
237	1	305153.74827378354	5042530.435690102	298460.41425370675	5050520.133716177
238	1	287250.7643084322	5045796.777668091	293004.0225631565	5040464.9134459095
239	1	305156.0	5042521.452089311	290465.1928316194	5044582.366666163
240	1	287245.92520313844	5045813.149019745	295251.0290962862	5051589.58185063
241	1	305139.8663560507	5042537.954047483	299727.58321535337	5046172.233561842
242	1	287235.50645466783	5045803.84632574	295856.63603068923	5051295.384184734
243	1	305147.8803402969	5042537.554499682	300879.2559745504	5050417.984847491
244	1	287256.36038896075	5045800.504465179	293905.8309159661	5038477.677156255
245	1	305159.55131068267	5042550.050792893	294751.1904209659	5044003.242883617
246	1	287251.44020991167	5045793.157161048	289508.47033282457	5041570.967321574
247	1	305153.18462736794	5042560.338353689	301101.90612872934	5048898.75365099
248	1	287271.4292678875	5045786.937882432	290756.1568179007	5039751.112696344
249	1	305183.10405024217	5042510.6901817415	300762.80867488444	5049999.392477884
250	1	287251.1231345099	5045804.155618846	301247.0142329248	5049780.656758721
251	1	305158.0389875454	5042517.94664962	297110.53487581026	5038828.7403650405
252	1	287236.5979704069	5045780.576810954	290396.1791315094	5042498.195573523
253	1	305175.16351242224	5042530.8762061875	298191.5516541525	5053975.559691721
254	1	287271.6374669847	5045787.257983559	298669.07328003633	5043626.723414946
255	1	305154.8113069754	5042544.271805592	299195.6687790945	5053377.876527062
256	1	287245.3464556466	5045796.641731855	291127.169579621	5040658.635183258
257	1	305171.93339560047	5042529.3650186295	292970.1686146515	5047854.78217093
258	1	287239.4536740283	5045779.726152322	296138.0078644481	5045474.265834743
259	1	305146.06847092416	5042544.186664395	294749.9386767338	5038310.447839295
260	1	287256.1362814585	5045800.148240885	295300.67139719706	5051262.6617582785
261	1	305149.3953365621	5042527.687694051	295391.2056026933	5044286.328700132
262	1	287258.1883466094	5045812.160567708	293083.94241285743	5047880.910307941
263	1	305154.8468694593	5042524.045259863	290862.71872836904	5043921.222931347
264	1	287247.611173351	5045812.010334977	302077.2561771493	5053662.963762196
265	1	305149.774461523	5042526.510629349	299547.9275665649	5050687.094872964
266	1	287260.60037332727	5045805.265800722	301555.72091847844	5052642.042670712
267	1	305150.4494648151	5042531.4213654725	294631.21204200154	5048283.926747264
268	1	287239.02185155544	5045824.02121823	292230.01008976705	5046342.052730497
269	1	305182.2031484761	5042526.265617175	296744.9577081464	5051340.103357056
270	1	287237.87665688276	5045804.624668623	292567.5079329738	5045648.800980728
271	1	305157.9940716852	5042562.062401442	297779.6967558972	5050146.225690368
272	1	287259.2689542407	5045798.820697173	293858.05453775625	5040503.826251939
273	1	305148.50106216274	5042524.307070121	290382.7024360094	5040711.166719853
274	1	287266.7389191707	5045803.881173436	292412.8807946178	5046329.002624423
275	1	305147.16673217237	5042557.083169569	297614.16591818666	5052493.506332226
276	1	287244.79005629546	5045809.863676418	297006.5451887635	5052884.245144906
277	1	305139.3821188193	5042532.475764884	290075.4029364373	5040009.360416315
278	1	287237.55654680316	5045820.596169022	303112.0906283503	5052874.847100383
279	1	305178.6773089887	5042517.64491659	299205.8880901055	5040311.016556681
280	1	287245.7017152291	5045814.273344816	298781.5257421815	5043178.886589102
281	1	305155.4276370772	5042526.6053438	291565.79878585483	5039887.954483294
282	1	287238.6399012233	5045781.975234217	299230.52562314837	5050335.850347564
283	1	305162.68059212266	5042522.195531765	289577.51202893	5040458.223424354
284	1	287271.50718110753	5045785.229985314	298087.3017922792	5045397.920658595
285	1	305158.503399919	5042560.312154736	294325.6307519839	5049757.03495387
286	1	287251.79358170443	5045799.653946145	293971.8332651631	5048525.03130103
287	1	305155.49583602534	5042516.598014925	296473.5880807424	5046004.636872612
288	1	287265.0182195019	5045804.412299271	296910.1795185248	5048891.306486668
289	1	305175.8342676845	5042539.853065497	298791.7465774753	5049618.227298558
290	1	287260.26946200617	5045799.088300594	296797.05666169676	5035984.971285268
291	1	305153.0983098446	5042532.285515661	297972.20483892714	5053590.423501706
292	1	287274.9361153217	5045780.9092435	290898.33322316344	5045085.259985381
293	1	305170.8679773613	5042537.851392918	298806.11561154446	5040300.585871092
294	1	287248.8514304736	5045794.447144601	301757.6947853089	5050709.11069063
295	1	305156.1738881009	5042544.216069346	299446.04642713506	5054528.222878831
296	1	287270.5924240219	5045813.054611148	299115.930418541	5045951.4065515185
297	1	305150.0113276128	5042518.531150935	297402.6958729686	5037131.244564825
298	1	287240.85214683047	5045811.446795289	298543.4285742051	5055031.17928484
299	1	305166.0541308288	5042532.85731638	294668.965348885	5040581.537851864
300	1	287266.7042385863	5045788.0741269905	292458.4616307933	5046138.078569031
301	1	305168.73651949124	5042541.645140604	295641.4075074751	5047184.358655141
302	1	287252.57972186775	5045804.420278132	299679.91621497116	5045427.223618798
303	1	305160.30577933707	5042530.345103419	296869.33102067624	5052781.509019455
304	1	287253.56366002164	5045809.797894366	297660.91954972624	5040555.382799497
305	1	305149.7320876545	5042529.844136619	300688.3947614594	5045301.862387937
306	1	287233.5596213517	5045784.591981203	297922.1869692908	5054135.9596690675
307	1	305164.9354762224	5042546.704215334	301787.7278292533	5052199.008265994
308	1	287272.98626655294	5045819.615086634	299316.3469108033	5054575.061728048
309	1	305169.11073225975	5042514.022828384	290967.9432621873	5044617.449775153
310	1	287280.5830749454	5045824.490493837	301110.2885017827	5052311.649157047
311	1	305146.838791508	5042539.580604246	298652.1347775036	5054818.487180701
312	1	287248.59313326806	5045811.711468812	299614.60149542126	5052032.449545843
313	1	305172.5275507488	5042528.205340248	290978.5702970732	5045005.831412229
314	1	287248.15941634594	5045813.486855449	297475.8095709852	5035579.488139105
315	1	305164.806256219	5042559.217204602	298539.1203428087	5039221.248141681
316	1	287271.34888835874	5045796.495434938	298141.554290138	5037472.00076278
317	1	305171.33255097334	5042531.073371092	292388.11900222907	5042714.294642307
318	1	287247.5567774315	5045812.354678626	294596.27072485205	5044230.009677981
319	1	305138.21631991887	5042548.959232752	293614.65507497196	5037999.686627027
320	1	287267.83123038564	5045821.635866952	293221.58745653485	5040654.107993187
321	1	305159.5590488163	5042546.211003771	295056.2531563383	5045856.250719531
322	1	287262.24775866966	5045814.937307802	299430.7047942737	5054401.411382276
323	1	305150.1500691867	5042535.258085183	292451.7902427216	5040838.631007874
324	1	287270.65741027275	5045792.056495427	298934.29923458025	5054966.395058973
325	1	305172.3668271032	5042518.633172897	297469.581652454	5054304.174582467
326	1	287240.4834941292	5045826.390645971	296933.593258935	5042926.155847706
327	1	305138.23437776923	5042546.843748154	298396.82362990617	5052051.799209747
328	1	287253.67223551316	5045808.968116897	299473.9300754101	5052109.147020797
329	1	305163.07257323223	5042519.64241241	302167.67902475846	5050563.96194026
330	1	287255.8390137349	5045789.087016381	293929.72246602585	5045176.62331974
331	1	305152.0500093009	5042530.556260464	294481.0308743378	5047844.316094715
332	1	287248.5702052642	5045811.573169432	289512.16559704207	5041485.090686282
333	1	305165.2405320504	5042545.738996707	302153.5626710792	5048995.2664843835
334	1	287253.60035122145	5045797.146018628	287853.98642183206	5039172.45963645
335	1	305167.6018194625	5042513.884688579	298474.7024953482	5053721.403598281
336	1	287273.1742679812	5045803.192459743	296722.3601527287	5041025.692724515
337	1	305135.19945589075	5042524.599727945	290754.67698821024	5040947.730800442
338	1	287263.93852552207	5045808.187583919	295789.76295507635	5037407.08221186
339	1	305168.2132316374	5042523.961117558	299729.9401805686	5051055.3958635535
340	1	287237.6484099484	5045819.613755624	301106.36090772675	5050761.277501795
341	1	305142.62368708214	5042528.0960965585	296673.74969060096	5047555.785211508
342	1	287254.24286471226	5045803.544816623	294855.2934420123	5049757.679734614
343	1	305147.4550255322	5042542.806519884	297396.3708540121	5049478.818027861
344	1	287260.8137476589	5045805.813747659	299538.46388877474	5044449.207003983
345	1	305160.49051209283	5042537.910517097	294620.3303969689	5036864.179229328
346	1	287259.39027896326	5045817.951394816	290587.41292629	5041273.987944322
347	1	305153.8072752873	5042557.170883207	297250.3073001179	5035344.903880342
348	1	287245.7610410429	5045814.456917486	292322.15645589354	5038170.770907585
349	1	305157.91957271204	5042532.683274313	297320.7124420885	5054989.719220984
350	1	287243.8741929622	5045818.620313352	297440.20663305616	5037056.297479884
351	1	305144.61073512305	5042548.508197878	294247.4386767541	5039049.729134945
352	1	287245.7631224809	5045810.967486005	293352.4904792527	5047190.338721186
353	1	305172.16377889446	5042533.950403968	299353.8433468995	5046735.24162705
354	1	287252.9443611165	5045797.474262827	298381.45730576105	5051603.995483617
355	1	305138.8522452417	5042534.751481815	298963.31582111446	5045774.987064938
356	1	287254.8570305761	5045780.998035083	290807.7517530599	5043244.341370091
357	1	305141.32327996055	5042521.138653296	295381.2283330868	5047287.028065595
358	1	287259.41430617834	5045789.0499283755	296438.039155749	5048013.824427628
359	1	305140.38320669456	5042519.383206694	302712.6270850274	5053465.416482551
360	1	287253.93100286374	5045808.816211403	299839.91946745955	5049925.87365542
361	1	305147.82279025397	5042541.360052025	302883.4181800664	5051602.538795165
362	1	287254.2336323145	5045799.485970555	292472.5043932191	5046234.7132444205
363	1	305155.301767355	5042540.5858611595	301249.89995632245	5047290.062112015
364	1	287248.64668973436	5045786.85901872	288566.068578123	5041409.240078424
365	1	305139.87317507126	5042543.34146117	300482.61205381725	5045995.884619339
366	1	287250.75674898643	5045800.082431072	290179.3499277399	5042147.827218172
367	1	305179.3860939762	5042533.491219743	299059.05986239534	5047035.1298807785
368	1	287231.3450148973	5045774.153460666	292196.63167277887	5043466.855634188
369	1	305160.8936361125	5042537.833157749	300224.79476367106	5054270.354829093
370	1	287264.4454017665	5045815.779453091	297955.22839621466	5050823.801081327
371	1	305141.33165718825	5042548.31952968	300228.1704294832	5054169.527319005
372	1	287263.0664016533	5045784.040636032	294871.912224715	5047465.146567469
373	1	305167.53061451635	5042530.5002479935	293345.9112886801	5040214.941835924
374	1	287262.82489839516	5045815.949777437	295386.8687266399	5043007.085436638
375	1	305174.51180826436	5042541.438889831	295277.4587299389	5048245.795785658
376	1	287258.8138103708	5045790.280722396	298913.3079878206	5049606.494783798
377	1	305149.753032627	5042539.945515837	302651.2005829325	5053964.066903365
378	1	287251.3332785607	5045800.249033332	291504.2962732982	5040184.932060865
379	1	305150.92465373036	5042519.07391343	293215.49983454705	5042629.128315521
380	1	287263.3226299608	5045809.830230247	299219.50898520864	5043804.84105372
381	1	305148.1064110633	5042537.198214641	289872.09532093775	5039398.105844357
382	1	287258.532431704	5045808.207690234	292813.6181421766	5040424.124352689
383	1	305166.028823778	5042517.929661655	294202.9052608478	5043661.853457773
384	1	287252.6204717684	5045811.73497203	300137.17697217764	5052020.581275229
385	1	305153.72280256764	5042539.466810348	296400.2675458774	5052254.977716145
386	1	287245.4796969329	5045812.68922563	298980.471282572	5052618.492144902
387	1	305148.5121769278	5042509.862308258	300793.32576699945	5051263.814194496
388	1	287252.76804644027	5045809.385609237	300522.13542150916	5051406.213819504
389	1	305175.4622484143	5042513.855828883	295475.4724787231	5042106.231258238
390	1	287252.73716698325	5045806.87309943	301486.8012754257	5048402.958973144
391	1	305154.826592498	5042535.160010114	297898.3135211937	5041385.860015814
392	1	287268.8386214643	5045807.640666274	291305.85234503425	5040087.4070634805
393	1	305150.6698415958	5042522.60738171	294296.3026310457	5047572.087730021
394	1	287243.1521959942	5045776.798322687	297700.5119190869	5045309.023117468
395	1	305158.956017925	5042535.951937976	294030.3337048233	5046981.969354482
396	1	287247.2265405355	5045798.507539925	293609.578120427	5044333.421059898
397	1	305151.76160738285	5042539.980111325	290609.41359291296	5042485.782698308
398	1	287273.82386900194	5045806.866083469	300765.1874339524	5046551.80695976
399	1	305167.4278948729	5042544.036009899	298436.1500235464	5045885.224429172
400	1	287270.8810560676	5045794.589698925	292949.6000388034	5046503.038113688
401	1	305161.8356462657	5042534.625920111	299710.13457202935	5052957.921776733
402	1	287251.4616162539	5045790.84266495	298809.21366397076	5052573.4212368205
403	1	305175.94065524015	5042548.643606217	300376.45754566306	5051761.029805771
404	1	287274.3819771536	5045781.862599128	296718.2730411929	5051516.866781419
405	1	305172.40862795827	5042538.646361768	297976.4872397624	5049634.255239256
406	1	287252.945978646	5045812.511311257	295842.33586175984	5050665.263072551
407	1	305135.2675116309	5042553.198517568	302188.36789497716	5050017.977466312
408	1	287252.8522134212	5045808.764540228	298746.5915407504	5052544.909365409
409	1	305154.67409048765	5042546.668003709	296261.8483328362	5040738.504170744
410	1	287253.9876967122	5045815.689814001	294812.18293466663	5047471.887354848
411	1	305152.9601453281	5042536.158039875	291735.83950847905	5039858.917754832
412	1	287267.445965058	5045804.908378312	296597.458128687	5041770.835085978
413	1	305142.08907973114	5042540.384872362	293928.7892889772	5037727.578950451
414	1	287272.3484601699	5045785.272367432	290383.9768127669	5041915.452866294
415	1	305162.09175048687	5042546.589183853	295707.3089213387	5048195.91754112
416	1	287260.58121915354	5045794.955335839	295408.1640461899	5050809.021303561
417	1	305144.2853663219	5042522.828952023	292907.4269679709	5045408.849174604
418	1	287252.8428265561	5045790.032976458	292908.71350171155	5043996.571402168
419	1	305149.25592349406	5042531.815297206	296339.3527277425	5051905.313460799
420	1	287262.75099089416	5045803.295336904	299974.3695032053	5052295.322258028
421	1	305155.4829052093	5042533.596456997	295189.43880864745	5049318.134120905
422	1	287270.47468935593	5045806.447463736	295251.5038593446	5049648.939240637
423	1	305140.1196178025	5042540.165907462	298005.2806657378	5049008.652217919
424	1	287258.1223704429	5045797.02055542	294759.6580260099	5045946.169713126
425	1	305144.52519871405	5042560.6816981165	296525.4394794355	5047977.659810969
426	1	287249.40310349566	5045792.753879369	299168.8671260911	5043332.362158231
427	1	305159.35305422003	5042524.682910092	290752.434546134	5043386.032072023
428	1	287253.7797197512	5045804.4890118195	301875.86066005984	5047942.108627746
429	1	305163.8218851474	5042533.619667327	298384.5224948228	5049226.747822242
430	1	287233.46837403567	5045809.826822543	292112.3370259446	5037387.042184392
431	1	305151.8170472664	5042554.438427409	295909.9107686738	5040872.877128792
432	1	287235.69722348487	5045778.280226281	296053.3253179185	5042763.806446669
433	1	305173.5801043596	5042527.427031968	294586.83900104027	5047509.867831153
434	1	287273.7536131403	5045798.755290292	292087.5876703112	5043787.47067051
435	1	305141.2847369097	5042539.127451843	298316.7887174501	5054303.742463087
436	1	287248.04707746144	5045815.640607401	292698.2873737121	5041589.131978367
437	1	305169.9716539009	5042537.643285873	297383.048058822	5051518.531056886
438	1	287259.2216540126	5045779.439700069	292181.86934815894	5044200.941914546
439	1	305156.71618548175	5042543.021277395	290546.26554832497	5044665.876643509
440	1	287245.2685819911	5045803.62810237	293819.1200699779	5045598.994831702
441	1	305162.01217892073	5042534.111837205	298768.0597312792	5040475.51205443
442	1	287265.37911444315	5045814.888304079	297011.4076711145	5049948.464039139
443	1	305154.68554473	5042533.189930448	295187.97445628233	5036616.982042591
444	1	287239.39912285353	5045791.234778149	300794.65178581997	5053469.658327599
445	1	305168.88600724516	5042538.948937704	295356.71366593055	5043178.59960713
446	1	287251.3130836331	5045787.964513854	290190.7210221159	5043506.574743764
447	1	305168.51529547886	5042540.903441263	289233.56827946706	5040368.523250652
448	1	287267.7539878548	5045786.391472237	297345.2404645485	5048793.934785274
449	1	305135.34658313706	5042543.54624146	296044.6649618572	5042048.932742989
450	1	287242.21218449273	5045806.202949248	291302.99308551545	5037905.1539345635
451	1	305162.7539614007	5042525.994718133	296431.6313325012	5040218.056519493
452	1	287245.6021718043	5045803.50074349	298354.9700805128	5054861.586477976
453	1	305144.26424567244	5042531.1679169545	297131.811711087	5044813.307087785
454	1	287253.1961750902	5045800.040796742	298380.6014576359	5040025.777303042
455	1	305137.2427446579	5042524.960905592	291017.2497020899	5045417.264606574
456	1	287234.0101488441	5045801.247076979	295490.5530461585	5038980.369243939
457	1	305167.01167839667	5042542.654459373	295630.60290535435	5049148.453087228
458	1	287248.1006791407	5045804.717327463	299592.8428752118	5042492.966261037
459	1	305167.7279368162	5042516.39706574	290951.6172385427	5042684.647172787
460	1	287243.67777716974	5045812.137393712	301057.7887606526	5047996.519315331
461	1	305168.61957156874	5042531.523179262	289408.0556353726	5041539.164093633
462	1	287258.2486515049	5045808.010501751	290790.27169176715	5042735.195734401
463	1	305168.420507223	5042525.966903837	290389.73564693175	5041887.2727097105
464	1	287228.51675664604	5045811.019932473	296949.1288923028	5053627.964140629
465	1	305147.3835962304	5042545.273404495	288397.1399488067	5040141.050343507
466	1	287277.40850548795	5045776.492895033	291376.1808347613	5043581.469176805
467	1	305151.38767970237	5042538.689856238	291750.66613020736	5042741.886888108
468	1	287256.91320345196	5045808.566542887	301050.277763084	5051803.986571889
469	1	305182.02208596823	5042556.315964038	295884.8259154449	5047531.5034675235
470	1	287256.1528211201	5045804.820528002	300563.9695131689	5044387.3501128005
471	1	305151.7452907004	5042541.637346507	298232.08142135537	5045435.592430337
472	1	287260.8948981264	5045774.222027897	297479.10273068893	5054157.725814136
473	1	305168.9442200355	5042537.323321545	299112.2872856839	5042481.376290032
474	1	287255.0434088927	5045798.391115162	300039.3375267755	5045546.556131308
475	1	305152.3076041881	5042547.513119141	294028.6064242736	5048127.521002201
476	1	287249.2519455839	5045780.755836751	299010.4733660229	5044951.219445974
477	1	305132.89751075173	5042510.164824058	292485.25019398174	5045455.162668682
478	1	287266.3987034437	5045807.107175038	290166.8974986067	5044134.21924129
479	1	305168.4905649527	5042556.338048461	297194.6321859171	5053204.109506572
480	1	287252.37787024176	5045804.050214534	300363.7156697049	5044065.7317793425
481	1	305153.68178492086	5042528.624908532	300437.233199183	5044087.609739844
482	1	287267.7505949546	5045798.911005341	294357.0789072693	5043135.946236599
483	1	305141.46353899204	5042532.493713619	299399.58213324693	5042375.402617445
484	1	287227.44483471493	5045819.065512732	297185.40626156353	5042541.54051255
485	1	305166.66990097094	5042536.524271567	300576.65480890276	5051173.3453718675
486	1	287266.70254847576	5045797.001245624	297866.4146008229	5043487.461738351
487	1	305138.47635534365	5042528.46575962	291450.65466228157	5041659.246051069
488	1	287271.92554167245	5045784.671280057	293269.24892883556	5048718.806471965
489	1	305142.78873340826	5042516.965572589	294331.5126989587	5042518.4899686705
490	1	287248.9368818692	5045801.317443511	298463.0308433452	5050198.47410912
491	1	305156.6988424801	5042534.60066144	289878.0940905951	5042055.798442892
492	1	287254.09523167607	5045806.7143049715	292177.92065175844	5046624.868468992
493	1	305163.86828744755	5042525.430461212	289681.64019045513	5042602.06135738
494	1	287257.3479700008	5045823.106708013	300586.92025361094	5045428.6864362545
495	1	305168.2338899092	5042533.551249879	299238.3491398006	5040588.516880657
496	1	287238.4501650485	5045787.500126961	297226.104784612	5040956.326886727
497	1	305157.7988768122	5042532.301684782	301255.0477550712	5049885.974150355
498	1	287246.01428573654	5045820.733673425	301522.9735751879	5048961.837252019
499	1	305159.28741905926	5042564.586771534	301085.0675970333	5052214.957556456
